-0.6528796614  -0.4130930852  -0.7398110526  -0.9524466959  0.5343945007  -0.2244365178  1.920888189  -1.09717746  0.09385658909  1.213783301  -0.4481622641  -0.3778838539  -0.2376675604  -0.07541377815  0.7841232286  -0.5394093054  -0.004867065814  0.3217292861  0.6693450987  0.6145777375  0.58848883  0.860672213  0.5687165655  -0.8880065798  0.2706777157  -0.06649600568  -0.1519566155  0.1988416672  -1.049037317  -0.02662190824  -0.5272240242  0.06943859607  -0.09152135424  0.6231673803  -0.1553665073  
-0.8950498037  -0.4819685916  0.5051262919  1.358347489  -0.6047325923  -0.8381059872  -0.2470172058  0.1414648141  0.2393475671  0.4304863  0.4159795619  -0.7803968729  -0.6901673258  0.04266082611  -0.2502321048  -0.2999229964  0.4204013993  0.1124449281  0.3169305153  0.6762042093  0.7608308524  -1.019134323  -2.093701208  -0.699527324  0.34156633  0.00628490374  -0.2910310623  0.0409680145  -1.738507908  0.237521526  0.2996337411  0.3750387513  -0.4890790959  1.387334655  -0.2779794257  
-0.2450759031  -0.2752803507  -0.3767370667  -1.321525834  0.5402481189  -0.8532767634  -0.9881332352  0.4919978063  0.863066137  0.01454884536  0.1811592  0.1004602513  -0.2961087937  -0.9291060313  0.8003416437  0.8263571742  -0.2957474298  0.02171886562  0.688931769  -0.6353404944  1.882912502  -1.496214816  0.9206843381  0.01523048582  -0.7104868396  -0.100234746  0.9039536483  -0.9502687743  0.443804193  -0.01313871925  1.645495227  0.2033360062  0.6252164103  -0.7460755628  0.7483858807  
-1.053446821  -0.4437611304  0.3840734212  0.8734568962  -0.8726199753  -0.8059598572  -0.3188320472  0.04312318783  -0.7451836007  0.6412710826  0.6331409175  -0.8839728725  -0.3012770663  0.213686255  -0.2833423462  0.3477243633  -0.6979595137  0.248240074  0.5471694523  -0.00328265817  -0.9108080206  -1.351145648  -0.3067462797  -0.9573065525  0.7535895395  0.2213566726  -0.4139867065  0.4166277684  0.8602845318  -0.6668960627  0.1755288322  -0.556048103  1.40265978  1.4693609  0.4905645409  
0.8299493226  -0.05284857413  -0.5776369959  0.3249829519  1.519543488  1.312319752  1.058254625  1.841551889  -0.3659915872  -0.8003366908  -0.4259873586  -0.5849556965  0.9984691828  0.5337675191  -0.02385864955  0.3852434419  0.04931250715  1.144413692  -1.482813809  0.3823448188  -1.210208574  0.2436792102  1.704666612  -0.8750145597  -0.7044285834  0.2344465153  1.514480381  -0.3616644037  -0.007798783357  -0.02437511876  0.2284351805  1.465535791  -0.5330914628  -0.2511316358  1.29044437  
1.534224947  3.889321961  0.00433871499  0.8912105463  -1.369804325  -0.306646957  0.3884204082  0.1961498532  0.1950815247  -3.216274181  0.2334302494  -0.3432968435  -0.6128675642  0.594515956  -0.7853873968  -2.259385987  0.3080938558  -0.9179343844  0.4297691045  -1.684565554  -0.3439535273  2.261743365  0.003173563711  0.3414931767  0.3368676479  -1.795272115  -1.465695318  -0.9295679529  0.7371985249  0.9124561268  0.146259652  -0.7938135984  0.8252881207  -0.5729707158  -0.7337595355  
0.7062824197  -0.1878149246  -0.1448030767  -0.6193300525  0.5733273407  -0.6833722445  0.0609353764  0.9694618863  -0.1631861415  1.777096644  0.5408700667  1.276707301  -0.6486470358  0.5880201947  -0.346773252  0.5224762422  0.1436557212  0.2433751563  0.3468961158  0.2015255802  0.4731052023  -0.2163074423  0.823544208  0.2288199483  1.008461408  -0.1960564547  -0.521576407  0.553938527  0.5504921531  -0.9415426836  -0.1264223501  -1.078750212  -1.760536424  -1.344089434  -0.6285369629  
0.8033291804  -0.09471560475  0.06946248323  -1.163227521  0.551054487  -0.4240570958  -0.6397161471  0.9897533129  0.3073832847  0.3584402065  0.8099386979  0.998932457  0.2157090959  -0.3549949782  -0.7706296263  0.5301310945  -0.3263178051  -0.4313973684  0.6213592806  1.601309298  -0.005919627823  -0.687002148  1.066428535  0.6113213582  0.6885466841  0.9892673045  0.9387545022  1.153846791  -0.7514693842  -1.728295812  -0.1065882672  -0.1879432685  -0.5238242524  0.1174839625  0.6720812688  
-0.294694285  -0.3354386741  -0.7354331377  -1.26204016  -0.3955065302  -0.5280688435  -0.3156350626  0.351153819  0.4016925289  1.242649199  -0.7215837771  -1.024325228  -0.7157796549  -0.4845678031  0.735991385  0.3105365106  0.4911641204  0.6744545884  -0.3659318807  -1.253390404  -0.5947576254  -0.6214182361  0.1999329116  1.465011155  -0.6608830409  1.313649883  -0.4691200036  -0.5430013739  0.3334473045  -0.4866985291  0.07114695646  -0.6940870006  -0.469834848  0.0895595228  -0.8677725589  
-0.2214693294  -0.2676154644  -0.2210221478  -0.093801082  0.7044812426  0.9626658952  0.9438332756  -0.7698622704  0.5257676689  -1.156659764  -0.9663576058  1.71199182  -0.409905092  -1.659885972  -0.944678503  0.7411732155  -0.8347877993  -1.34031282  0.6916878238  -0.4234597424  -0.169092578  -0.1032248652  -0.6715159826  3.575226589  -0.3510646413  -0.8855670339  -0.1852324476  0.759757129  -0.2440576747  -1.305102429  -0.9151268713  -0.3458029392  -0.5180461546  0.9517124995  -1.214034325  
-0.8883478421  -0.204950829  0.3689292101  1.3971953  0.04242165208  -0.5311075418  -1.295015917  -1.461040427  0.2801563404  0.4517385757  0.3414133835  -1.94895593  -0.5758013094  -0.7764631823  0.4103361648  0.9533569331  0.3074350719  0.7721077304  0.4261266024  0.0534487143  0.3676933616  -0.03758907326  -0.8125915869  -0.9587180769  1.305288657  -0.5128500263  -0.4775004403  0.2694860689  -0.9060320623  0.179743998  -0.2975029681  0.262983393  -0.5862549003  0.699550817  0.2870665501  
0.7135652952  0.07620196302  -0.05604407159  -1.061670822  0.7822260781  -0.5557724133  -0.5974313293  0.5685461724  0.5506176998  0.318785982  0.5247727101  1.055488507  -0.302910525  -0.4003415514  -0.1509675577  0.4941335784  0.3515876462  0.239042164  -0.6106441588  1.314461794  -1.096217981  -0.6104271961  0.0336128225  -0.08773216171  -0.152683994  0.5929101405  2.284463763  0.09716675638  -0.6476134421  -0.1108730659  -0.4119589164  -1.200078638  0.635628197  0.3055646132  0.6053973926  
-0.06587549354  0.184380258  -0.3310435064  -0.2170025024  -0.003794378185  1.32052347  0.5862402325  -0.6159168733  -0.109348246  -1.021854608  -1.479490491  1.5056586  0.2465360395  2.23580805  -0.3524300458  -0.1452687959  0.4657128376  0.4582871173  -1.223348735  -0.1252580467  0.7499033217  -0.05061317698  -1.773954314  0.1699589357  1.043685629  1.715077263  -0.6219660078  0.09700927457  1.403762739  0.1046277271  -0.02204653072  0.7622891404  0.3203719641  -1.550375332  0.3230766175  
0.3491985455  -0.1530617466  -1.028592158  0.3131155639  0.679609713  0.9417936751  0.6207448567  -0.7730939403  0.1059882285  -0.02358145339  -1.083756612  0.6515157509  0.3265667887  2.688533741  -0.2496401784  0.01870569019  -0.1860230015  0.334521334  0.08981581815  -1.337069528  -0.2255073275  1.16313193  0.562933261  0.8147826605  -1.609775795  -0.6918764233  1.432041354  -1.275721885  0.004943927535  -0.1800607431  -0.5335702949  1.191103995  0.6754531558  0.6872969865  -0.8708692318  
0.3942437506  0.6661408862  -0.5786045029  0.03617118923  -0.9264702732  1.306557517  0.4693024813  0.1162665696  0.04778380844  -0.4764921431  -0.8941923494  1.310873205  1.627116943  0.2830319688  -1.514948921  0.1287619597  -1.391974873  1.705480867  -0.0805141236  1.547899268  -0.4506965825  1.301992679  -0.2916317122  0.8226813697  -0.7404604598  -1.049680964  -0.7489410059  -0.1677549705  0.3659582469  3.08635463  0.5504492558  0.02652748095  -0.01345194181  -0.1467871928  1.214999392  
-0.81422528  -0.2191271529  0.6577890529  1.213731854  -0.1342529902  0.07440319625  -1.078534796  -1.51247313  -0.8710424594  0.2123739406  0.6170888877  -1.234366129  -0.4704162482  -0.1758548274  0.3265991725  0.2365090877  -0.03237891715  0.1142210571  2.395501991  0.3175027643  -0.8897084484  -0.4697653731  0.93853937  -0.2613831639  0.4692133076  1.571135545  -1.149286187  0.04280955536  0.822359151  0.2606729157  -0.6950669939  -0.1720480853  1.018823761  -0.1996061315  1.83015481  
0.6264595257  0.9004623675  -0.6214995721  0.1758477715  -1.42254532  2.479694169  -0.1716749036  0.5914010281  -1.50924688  0.6211149075  -0.2570494602  0.4602846121  0.67745104  0.1375028204  0.7741303518  0.5945599542  0.3176658325  -0.6034443476  -0.3261381008  -0.3535857206  1.106248608  2.421189247  -1.214473294  -0.6875779561  -0.1623212453  -0.6995207428  1.653680951  1.787792753  0.9078595257  1.359082894  2.17046233  2.305420025  1.645993774  1.099307355  0.06477108857  
0.8319029683  0.05173149434  -0.2167404645  -0.8017380306  0.8225933528  -0.416402857  0.2936235422  0.2774928323  0.6149226589  0.5725094714  0.4915127974  0.1192851293  -0.3481930556  -0.1194472151  0.07636360578  0.5105014654  1.08538777  -0.2602843072  -1.21342034  1.167320531  -1.943821781  -0.7596326488  -0.2418848884  -0.8253929232  -0.7063246707  0.2936598037  1.715913523  0.2335724552  0.642948759  0.09775716248  -1.397424789  0.1612649923  -0.02112666469  -0.1229708619  0.3978648287  
-0.5061837613  -0.4123357899  -0.720232046  -1.014957633  -0.6072027173  -0.676422016  -0.2693167895  0.4097916825  0.7537349283  0.9964093448  -0.3199505554  -0.8852727138  -0.6401019923  -0.9779142753  -0.142915315  0.1476132929  0.9790045014  -0.484514247  -0.3888729926  -0.7742497108  -1.712087069  -0.5931915465  1.035025331  -0.09935075613  -0.443983852  1.371000474  -0.4766539151  -0.593304709  0.2386024459  -0.1455598236  1.330183122  0.8927481731  -1.838578955  1.066819661  0.462622149  
-0.9627766819  -0.1652873082  0.5561048934  1.218190131  -0.1833699906  -0.5336175641  -1.121571472  -0.8840417633  -0.8021688521  -0.03793254477  0.9901945887  -1.802928643  -0.83460362  -0.7001303422  0.0416578416  0.7480070984  0.9792873867  -0.0893326435  -0.007790831413  1.216431167  1.353266488  -0.2670646536  0.3991370257  -0.123772273  -1.100266971  0.4783541604  -0.322494806  0.1810945335  0.6533540395  0.9185342467  -0.01653348542  -0.4899586488  -0.01597658623  0.8430606162  -0.9250449551  
1.190498394  -1.503887632  3.930891489  0.3431616523  -3.981059453  0.5543754196  -2.992114835  -3.808772861  -2.324028054  -3.752686533  -1.381598946  -0.408025713  2.671299049  -0.2377949372  2.989702455  -5.048225006  -0.9402870616  -4.255052905  -1.836170459  -0.07837004042  1.366563837  1.095936556  0.8235743867  -2.07187922  -1.38083491  -3.910771311  -2.590907952  -2.699564588  -1.635926305  -1.485609728  -1.965740988  -2.439370494  -2.855144877  -2.12465127  -2.044150426  
-1.110016031  -0.5346908969  0.643876271  1.189242459  -0.7628204002  -0.9875738165  -0.6006029029  -0.1489309312  -0.3230770108  0.429434503  0.6854310095  -0.7538483603  -1.582996066  -0.1761073287  -0.3648800487  0.7413717961  0.1472319719  0.3665370941  -1.550951263  -1.041811787  0.2327394879  0.09712960988  -0.2006119757  -0.2441419699  1.36618504  -0.6136975013  0.2340437484  0.2521690319  1.251665576  -0.1018352221  -0.187932965  -0.3892728171  0.1033712451  -2.303592823  -0.7264449038  
-0.04918481251  -0.07007261236  1.969348579  -1.095015238  0.7296712925  0.2696081288  0.6041263356  1.070233507  0.4753574055  -0.8082938533  -1.07663917  0.6221031577  4.117186761  1.093093706  -0.1441511173  0.1970964169  0.9610291994  -0.3641908164  -0.02148498758  -0.7376459117  0.4852114065  1.332934219  -0.01904274566  0.09312032823  -0.1124327214  -0.6094983744  0.1875654737  1.026776319  0.6441471777  0.9153899296  0.436773785  0.05638928462  0.2841927536  0.5142310967  -1.085348056  
-0.08778491547  -0.2790931892  -0.8147993943  -0.543700052  0.4919287004  0.5914857026  1.814921547  -0.3304264102  0.6852174807  -0.9955135738  1.18410662  1.972060133  -0.07546571808  -0.3358451495  1.195030367  -0.07780491044  0.2567581567  0.5762454243  2.499922925  0.2371764931  -1.197847865  -0.06595064243  0.03364696293  -0.2001814765  -0.332806014  0.6055161512  -0.4225663465  0.2201940522  0.61860689  -0.04016301153  0.9897819141  0.3497292421  -1.424417626  -1.11592325  -0.5112867867  
1.36069344  -0.4468962161  0.1763964974  -0.5322560006  1.717006242  0.8378551205  0.9614877543  1.643875147  0.2478316015  -0.7335698289  0.07813322258  0.04102549866  -0.6238811706  0.2962572713  -0.1704153663  0.3024724292  -1.486275783  0.3609491825  -1.701674057  -0.6772249269  -0.1793023827  1.548642115  -0.4906551386  0.2276341654  1.380078248  1.002873816  -0.7041574914  0.4782232478  -0.03030546383  1.4403816  0.3729645036  1.373606131  0.2638362927  0.7762419419  -0.2124173337  
1.073973319  -0.2225701817  -1.215989913  0.1808097762  1.636222461  1.78380617  1.079937445  1.163875446  0.3774394528  0.3016190373  -0.7718795605  -1.017106964  0.8078192472  0.952875908  0.07503663356  -0.4187582653  -0.3324668923  1.36752465  -0.2627149789  0.3725846465  -1.912143448  -1.325264237  0.1724077154  0.02183159144  -1.13752314  -0.80472643  -0.4010821685  1.57026645  -0.1715948264  0.3473014842  1.997573247  0.1441825054  2.01145087  -0.9618912191  -1.740475276  
0.6119205859  -0.3421844387  -0.1719432158  -0.7966907101  0.4112588222  -0.9559289019  -0.07749468196  0.6222920029  0.008576107585  1.252610542  -0.3585885432  1.043615461  -0.7715542802  -0.5730498419  -0.8110804059  0.6301899067  0.6243788352  0.4114231808  -0.3034313403  -1.079269886  0.3659774716  -0.9945917673  0.6237571037  -0.8550261261  0.9425347884  -0.04636365657  -1.254168475  0.3386025854  0.03723429793  0.07857424472  -0.9897058257  0.5860898464  -0.05785451951  -0.7713697534  -0.5814395631  
-0.2043000365  -0.2733267033  0.291923111  1.246686765  -0.7128600177  -1.199673789  -0.1989866224  0.1705454092  0.2253778741  0.1870461806  0.6284003836  -0.3044009671  -0.456458629  -0.4057207154  -0.4958405708  -0.5805124729  -0.1564885494  -0.02310595403  0.0985307397  1.366228609  1.608422462  -0.7649639286  -1.01263128  -0.266789379  -1.174084214  0.4804604333  0.4838822476  -1.046660977  0.9999483774  -0.891022152  0.2820947952  -0.04587740086  0.4413914081  1.139415463  -0.6699917747  
-0.7788940911  -0.5266114809  0.6331513993  0.4670261174  -1.236925093  -1.07330121  -0.6429838522  0.05549534142  -0.002881699515  0.07122329244  1.030593827  -1.276458796  -0.8205436156  -0.2255135668  -0.7320378466  -0.7011718117  -0.4500485347  0.4844828465  -0.2368892407  -0.7609794352  0.3740060745  -0.02422275963  -0.477907778  1.177855215  -0.3942078532  0.04366181277  0.1213983499  0.9079035109  0.006788175361  -1.618485396  -0.1604648723  0.4488748222  1.563977909  -0.2277075046  2.807744561  
-0.992064286  0.4066869352  0.2063996748  -0.7985739279  1.247506598  2.040862892  -0.01559763791  0.1432959478  1.884048449  -0.3861167952  2.612017972  1.412190115  1.147833547  -1.62304907  -1.518429749  -1.28680955  -0.4602200965  -2.002431115  -1.079875401  -1.078418455  0.8793901409  -0.8442098513  -1.143583621  0.6163240326  0.1477706162  -0.7877267377  -1.798937503  -2.11916699  -0.324655359  -1.867908952  -3.252163454  -2.008228589  -0.9408017932  -0.8849646165  -0.2926541186  
0.2664813501  -0.08567434191  0.5444834748  1.800401244  -0.7863276494  -0.9246990356  0.3763683366  -0.04233374294  0.3107469172  0.5085584568  0.5991720516  -0.2455787425  1.1124144  -0.9472302981  0.5084057932  1.475864413  -0.2418148544  0.310781941  -1.406569546  -0.5245925406  0.008151583825  -0.7003342902  0.3998326542  -0.7066860637  1.516767343  1.359876487  0.2833382621  -0.6709124831  -1.357941117  -1.233109929  -0.1300663914  -0.2187865873  0.6803321985  -1.520359637  0.3289733568  
0.159693658  -0.4115834676  -0.9805253656  -1.212395656  0.3503706559  0.2459630909  1.681861967  -0.4428280316  -0.5548980702  -0.1131204295  -0.2564037245  -0.6900931294  -0.614624227  -0.203870653  -0.9149364096  0.4813168688  1.264552502  -0.7548333097  0.9229687706  0.8720950809  1.502365671  -0.2695384193  0.7117445707  -0.9392281977  -0.7334656576  0.8459227883  0.5450762323  0.2285192479  -1.966661714  -0.07766820118  0.03708709584  -1.054536133  0.09470626423  -0.1837449789  0.20762432  
-0.1895801789  -0.4136443577  0.5366847791  1.525716968  -0.6866276524  -0.7819487239  0.07821514964  0.404412588  0.4392845481  0.6489622155  0.6079571972  0.1550328012  -0.4703787189  0.09711672052  0.7196925643  0.03796169338  0.09441606485  -1.241514713  -0.10938591  1.768759289  -0.2562000269  -0.3923478879  1.065502479  1.498098939  0.1819842964  0.4093738863  -0.7843216148  -1.016224235  0.4213076298  1.298873691  -0.4415452082  -0.334770824  1.812235485  0.06822108051  0.5597495335  
-0.02163252415  -0.2265885083  0.8346458404  1.646987299  0.2158546657  -0.1279746401  -0.4869143978  -1.199625244  -0.5508347396  0.992775772  0.2931311525  -1.04963796  -0.3770184889  -0.5953023374  -0.1650109664  -1.213297844  0.4841192169  0.4466964348  1.420746631  -1.093170852  0.5090196282  -0.4961335608  -0.8669431194  1.750672545  0.358497739  0.388894459  0.8432572859  -1.140906538  0.1573567802  0.4034921178  0.4739705663  -1.348453514  -1.212029508  0.6342262174  2.075017806  
-0.1699193367  -0.3348596804  -0.8480500179  -1.106155962  0.4520574098  -0.03945747869  1.585256586  -0.7770823579  -0.9846337947  0.1970752085  0.3485116321  0.7197287557  0.145480391  -0.4151257999  0.5179727675  0.001685927817  0.3581045229  1.479828601  0.1836165553  -0.05600546891  -0.5122880091  -0.2938562518  0.4255175406  -0.6367105625  2.08285886  -0.8926264472  0.5946773453  -0.7665742679  0.2565276348  -0.2187509747  -0.2327559437  -0.1345569449  0.776336062  1.770642895  -0.552107653  
-4.790325345  4.405132753  1.153903523  0.8497893185  1.482134405  -1.602096618  -2.422391203  2.566468065  -4.974000219  1.625633306  -3.904485893  1.299894906  1.358613421  0.7084747203  4.335203591  -1.091582954  -4.972050749  -2.286219286  0.7944716845  -0.9485662036  -0.6444248436  2.410801626  -4.209456216  -1.193795453  -1.394539802  -0.1828652997  1.285034448  2.562141316  -3.805256506  2.034903348  -0.6476997192  1.482201315  -1.722706498  -0.9140442268  0.9610862931  
0.4666066124  0.2210126233  -0.9088044149  -0.0856557491  0.3869477274  0.7308573529  0.5415662084  -1.344106594  0.6829969716  -0.834784421  0.7020356615  1.336446252  0.936372242  2.383110403  -0.4119588194  -0.1990354571  -0.1809984964  0.6186958566  -1.787253115  -1.368195316  0.664628582  0.06468651671  0.8137572546  0.3372505955  -1.290096931  -0.02617105065  -1.030929286  1.481433218  -0.5404716558  0.6841047578  0.7047728714  1.620535288  -0.4624001546  1.196390547  -0.2326735374  
-0.5113249982  -0.4259254989  0.6068126948  1.024415559  -0.4357604118  -0.9795585042  -1.447519733  -0.507794669  0.1604428206  0.429110802  0.6867098374  -1.089072484  -0.8337963046  -1.010546724  -0.7836135036  -7.910713151e-05  -0.001858614513  0.6806411423  1.153206686  1.637324489  0.1784269684  2.12430795  -0.5329784785  0.6027532019  -0.5989935428  0.4154650188  -0.6419778489  -1.137392059  -0.3590320381  -1.382876454  0.699592758  0.2190538986  1.119192595  -0.8582408392  -0.4128359586  
0.3867530638  -0.1632779288  -1.225137878  -0.2702920573  0.443473404  1.424606235  0.6949824276  0.4179997001  1.709347088  -0.6278206682  -0.908226113  -0.3789047609  0.1191035066  1.992348463  0.5216461292  0.1149617127  -0.3305031597  0.03674536842  1.342573515  0.4898623959  0.5706316888  0.2209346367  0.5323887996  -0.7155152118  2.209822284  -0.8235929039  1.004206154  1.113608052  -0.1467141058  0.6175210016  -1.145990887  0.52836286  -0.6630668478  0.6608542482  -0.31548488  
1.047181516  -0.02343299269  -0.5876324673  -0.9633722612  0.6231626451  -0.2445727097  0.6306509334  -0.4189265966  1.087013309  0.711003701  0.1465299977  -0.4867836851  -0.1427329974  -0.4063952387  -0.125563716  0.4303315681  0.2626825054  -0.2646022347  -0.7141579496  0.6407147699  -2.182733655  -0.2647576102  -0.5014049216  -0.6352595067  -0.5365800137  0.9264981244  1.111341916  0.6312494032  -0.08602127303  1.052848019  0.1899706879  -1.252936902  1.027345703  -0.9647034305  -0.6464423553  
0.3976830606  -0.4924397499  -0.314997615  -0.8208117464  0.292710422  -1.007058894  -0.583472743  0.5215984264  0.6102285429  0.4892749972  -0.801317131  1.052290059  -0.9484611153  -1.412838244  -0.2357128382  -0.4006167817  1.756351821  0.2118103097  0.2594833941  -1.014110587  0.6441419933  -0.775007961  0.6889870989  -1.029433431  0.5931615862  -0.05386342463  -0.9477818637  -0.05190464967  -0.3905732638  0.4109779663  -0.5680459648  0.5932766087  1.380841516  0.005295072903  0.65075445  
0.4999165441  -0.4287445878  -0.6920428127  -1.478751876  -0.6492382246  -0.480127361  -0.5035871408  0.927017468  -0.05734161592  0.08287411788  0.9687220308  -0.4129293623  -0.3524383284  -0.3803853209  0.4670778349  0.7061681879  0.6133252255  1.233844621  0.7954647456  -0.7305480853  0.838377364  -1.205619589  0.1825549406  1.857087428  -0.5569439659  0.7701434186  -0.1781213005  -0.3833399247  -0.4774448975  0.4514871132  -1.829372799  -0.4548281475  -0.2119243796  -0.2235330187  -0.719895548  
-0.9865119511  -0.6055110429  0.5360773946  1.143760866  -1.052331168  -1.364804695  -0.8611052226  -0.0835827447  0.3734001803  -0.05026401459  0.7502845471  -0.6185614138  -0.9805179863  -1.061001847  -0.644523394  -0.09381090228  0.4900605404  -0.0681071211  -0.9732850274  -1.426228045  1.11684847  0.04218840939  0.357362866  -0.6431376825  -0.03737296662  -0.4112805034  0.4230880931  0.9713287693  0.6280716438  1.001165137  0.7060123813  -1.929425007  -0.1578669356  -0.6280303688  1.939963561  
-0.2846437379  -0.5498760339  0.4047691212  1.195814733  -1.243717032  -0.8168892768  -0.5914688775  0.2640047297  -0.04982905496  -0.09195024887  0.7151845096  -0.5109330434  -0.6396874313  -0.2639710056  -1.252617001  0.5135995222  0.3086345999  -0.01467457739  1.386287992  -0.9389459259  -1.807849411  -0.3858582574  -0.5541291334  0.004741992064  -0.4820080583  0.01947423543  0.2480817685  -0.3622183061  0.0313959874  0.07196730986  -0.4244523665  1.123252009  -0.3538694205  -0.4462153234  -0.08858336292  
0.9430572156  -0.1861646533  -0.8350124728  -1.310723169  0.5688696071  -0.2451550319  1.047941857  -0.8959882578  0.01225716747  0.2599261684  0.05616344001  -0.7900238319  0.3382492656  -1.019272348  -0.8805389181  0.2559456865  -1.182194712  -0.6977333395  0.9470504651  1.331281328  1.044505156  -0.9313003281  0.2775000965  0.1433270766  -0.4324229881  0.3888826306  0.6554276784  -0.3778146883  2.054313025  -0.5601942318  -0.238211493  1.731328437  -0.668267648  -0.06089035428  -0.4766808837  
0.4703428162  -0.3526423636  -1.155742023  -0.187590897  0.2981322097  1.239412133  0.1319393177  -0.3054091605  -0.2576915646  -1.015722365  -0.3235885886  0.6412731782  0.6603353471  1.843000181  -0.7484602185  0.2635325856  -0.5685827183  -0.08093394171  0.2874292369  -0.7038858201  -0.7878572444  0.5357124841  1.062713881  -0.9204431744  1.357598959  1.170533981  0.4080078685  -1.132718188  0.4887974683  0.1001300676  2.008150742  -1.197671463  0.1679917811  1.556234331  -1.442983411  
0.7281092584  -0.1648030936  -0.7361354542  -1.305761877  0.667198683  0.0350912105  1.010880558  -0.2865683888  0.09755451755  0.2455583416  0.1217653205  -0.4389225262  -0.2968841759  0.5067377409  -0.08574859972  1.363045835  1.134214454  -0.649902573  0.006203528539  1.765339752  -1.096372622  -0.8498469665  -0.5475105724  1.127641609  0.4173720736  -1.80439604  -1.161888032  -1.52553313  -0.5905198214  -0.06408056517  1.59321635  0.2606207079  -0.04729492687  -0.7103085488  1.317531118  
-0.2383293783  2.496205866  2.741246413  -0.8919988654  -0.7185418305  1.933390451  0.262044582  0.6474741115  0.007743619516  -0.3722770896  -1.80191949  1.875190553  -1.008176296  0.8807057007  0.973720972  -0.1517712257  -1.147605584  0.5199498097  0.01503453295  -0.5511880713  0.6493116783  0.7122739559  0.4957344066  -0.8519308559  -1.634814341  -1.07480699  0.62752184  0.1138536639  -0.5211758133  -0.4814423653  0.1847265208  0.1879797887  -0.8201857277  1.172231976  -1.057092362  
-0.6660054456  -0.1632766595  0.6046024476  1.248750464  -0.7155533227  -0.6903988459  -1.070522114  -0.1208190072  0.01972101576  -0.1049434044  0.8607384719  -0.4212092629  -0.2239243635  -1.113144655  -0.6099213184  -1.059615582  1.036602581  0.4523625804  -0.672383687  1.394756902  -0.2910799484  -0.4736375284  1.2855233  1.415688756  1.958249804  0.8094885673  0.9973774419  0.5990288309  0.2938438853  -0.499971276  0.1709632797  0.7842134948  0.03405486832  -0.7167376993  -0.520123494  
1.288475142  -0.3621995705  -1.526023934  0.2426734638  0.7376554228  0.8131946088  0.6932168769  0.2200581173  0.2513995577  -0.6636998313  -0.673912311  -0.6032027198  0.7974304899  0.9890368916  0.6582122022  0.5557433039  0.5302813621  0.8819661015  -0.9808230401  0.430209578  0.09970976856  0.9022162599  -0.2455463573  -0.5446125172  -1.158971345  -0.3842672954  -1.284333472  0.9240061021  1.893790641  -1.913585661  -0.2016314271  -0.8781372646  -0.4515386134  1.716711891  0.7666012983  
