28.06612759  16.87597351  43.81556055  18.54371164  7.814035678  49.32723895  5.302257891  11.06343491  9.406711816  22.99494733  15.74253579  3.444115471  54.60772916  12.74976285  10.40812511  30.32732196  10.76629536  28.71828179  50.51314635  15.62369212  17.14948239  15.79417976  23.94861607  7.195063295  11.6761738  1.966662512  20.31120004  0.3381500384  74.26430676  17.98271199  21.34589227  0.9673646268  13.73093897  54.61818948  11.60403784  
23.17027706  52.11526457  39.70618522  15.15161192  59.32600447  18.83549722  58.602918  70.31516056  10.59771053  44.83739999  42.89802341  29.36208417  4.916819672  12.55641999  3.060780188  13.2473028  33.18808724  2.813432579  24.34208104  1.954050657  26.88715447  48.90330737  33.16885636  88.31168476  25.2684302  31.29402767  55.29730798  8.510085539  106.9214248  179.0914527  56.31121716  30.51743854  13.71197766  1.806726745  72.5262735  
78.98458051  29.83544896  24.34202647  57.27010346  19.0411978  51.45252651  33.21099974  65.62395147  132.2885836  24.41684598  16.19891645  26.44168147  22.13881038  15.96851356  204.3596973  57.10011044  1.521434798  19.46454423  1.12261198  67.48731437  7.00667691  72.38787595  9.822634019  103.2237162  10.16215263  31.34716529  17.6648057  53.17022426  19.05771656  40.17493596  8.6811374  8.849412494  35.51875762  82.07428784  126.595059  
19.91702536  7.933993754  90.62121541  4.638584999  134.6487551  45.82150582  23.98956205  41.5488368  72.34759076  15.89769487  166.3357099  77.40016223  25.42332923  144.548676  103.686819  4.678487554  51.52202081  197.2522808  0.2152277542  11.68508057  5.211291761  81.34652644  81.30142914  42.32392848  11.3294255  24.59330698  0.6689012381  111.0802725  31.07218032  33.9503408  22.62529623  113.5149585  229.862204  24.16008009  114.8671408  
16.80148987  183.8438924  37.72185397  18.40043098  60.68528699  56.20178793  57.23080988  94.30306722  112.5254579  20.36890858  25.74233896  52.70665638  33.96036184  192.2687872  3.222231486  1.324186572  136.5306634  48.76987405  67.04210042  36.69156709  119.4397181  69.17315922  3.006915667  4.051756239  5.24504202  0.9528647573  14.99933247  44.18489681  46.70072338  259.1035018  201.424233  200.6498524  24.28062334  21.43713583  25.15451631  
134.6211382  26.51810551  47.41678807  21.38092444  23.09444245  130.0078782  121.4489989  60.42910661  47.12896079  191.5496489  0.01550859396  57.31592403  82.4615073  151.5172444  23.67604257  25.2169071  71.66894591  56.08842403  50.83087448  12.84446443  18.48655178  88.48305114  100.4810202  49.39103734  37.94143106  52.26265943  9.193258089  129.11926  9.209956657  53.10597932  2.740808694  26.16736545  21.45648241  147.2587562  9.767864687  
100.835852  31.48633851  67.05579331  36.14338029  92.33909234  56.15248316  93.8888601  15.63455483  117.9297695  8.52008724  28.53173294  17.569933  87.93535536  12.70469314  9.004239426  208.3402688  92.72122973  11.14825802  75.64403975  59.52913016  105.1190817  81.95151038  39.39535893  9.338209708  28.73395973  67.8897489  34.16027791  20.95946948  4.92689386  33.31602513  119.3811478  35.836251  72.28793403  36.33146869  2.604306164  
123.8517611  131.1117049  87.24560655  5.370057242  33.36388751  5.085088718  52.39364136  88.45036699  38.94388337  17.52868046  28.32866509  34.12174802  9.54143554  67.73319753  41.24676511  4.316098863  9.498737354  9.018148272  59.60332575  111.2604992  29.48146751  63.25106496  59.03528374  18.91644766  1.774257512  55.94825854  24.12307148  104.621085  2.692744277  2.845456251  8.233513065  46.51584228  19.73816037  14.16599351  78.11369238  
38.38846397  16.23953585  58.39409388  261.5167632  140.8251722  2.266479177  74.97663295  59.50065317  25.2374337  39.89762549  21.34459354  155.4131979  1.652824416  12.79789401  25.78457976  8.056995804  52.60007812  0.3641665086  29.86936289  40.80509089  14.59967438  42.87074071  72.07691273  18.58578082  98.01123538  48.27977045  72.60342831  5.054934885  175.8637386  2.236376156  6.350946675  2.222925526  22.07213994  18.30509964  12.58847864  
7.547331085  42.70623448  35.26309547  8.085863495  36.72726726  70.14160542  35.17325457  35.35197811  123.3106033  52.51552621  32.7758362  30.03587925  56.03001508  27.25936305  54.15815556  35.5797663  96.4301796  32.69496744  19.70353359  9.763410247  111.5972078  35.06122236  5.912959716  144.0947989  10.53443465  68.43641385  111.0019422  13.34834971  181.0408377  28.86551472  40.60523438  13.43883041  13.43779199  59.96440226  36.21460996  
0.8003306085  0.9341630726  163.3322594  71.12874506  60.52190047  7.093110819  124.617402  50.96737929  37.80805606  45.51868218  144.1410217  38.19183043  76.98155303  46.84170222  25.65555571  43.21284091  23.4405868  13.61066893  97.67421611  10.52410779  33.81152079  44.94700626  9.687956126  130.2474527  109.4966687  84.80728325  137.3166288  76.34065738  11.4021307  35.98996401  13.26321642  80.41085339  17.18915236  105.7046562  42.11824982  
58.13543654  112.3189664  14.11160913  0.08457390115  6.717321962  146.9996341  104.0199716  19.37724441  25.93200388  23.90648239  63.16591209  25.26484904  3.627474502  39.12509927  7.718068628  33.94003939  11.24487577  4.670296945  119.5006483  104.9183982  42.12746613  20.29773098  25.697519  32.5025862  18.08963876  139.2781928  31.4620543  53.22415527  52.6497788  72.94774202  11.24813265  29.11043085  40.30401588  11.03475451  41.67011642  
19.69112305  72.477803  48.09772843  14.65908689  38.71195593  17.57911783  19.84141392  3.927667261  108.9918408  71.14012981  90.28892199  12.88237939  28.22935037  29.71296831  135.3913701  147.7204681  40.23535  143.241868  60.82139802  61.08642675  6.284540333  77.5557122  83.55529299  143.5948747  130.7978936  69.5855199  19.11795262  20.896138  69.08494357  30.29791612  8.692703206  94.96251892  5.928818986  26.33974282  45.3955331  
19.42493278  6.458583646  22.88171396  4.684638407  48.76547736  6.764308743  0.7230975437  55.31093738  48.41923684  112.4449079  14.2596505  10.06660473  1.014350518  53.6731093  49.99493524  18.42796476  85.96848644  27.19789257  55.54562678  17.55060792  221.5236567  50.84785519  11.18800121  29.18243831  32.07158587  68.57744376  22.09030782  82.22016397  36.38643946  34.27508207  0.5390796008  25.72458042  5.316600128  0.2239650601  157.329832  
54.89725681  51.46752645  28.9456371  13.67046733  20.15866624  20.4591932  5.161655724  121.5576069  2.352663068  7.163291527  17.58108402  64.40140895  27.56124498  41.35825742  1.039571869  2.631824102  16.60004578  76.19326604  0.9056561321  98.01513678  8.302754888  0.2103737055  15.93078719  67.87392077  18.83127647  70.60627856  95.02082858  75.09259031  48.5843368  69.07191839  29.7877403  36.35842544  31.53925335  9.658073069  3.488216955  
70.10155643  21.20914118  12.83772757  24.92661721  22.25992035  66.1199682  47.35989434  21.98510933  49.64460646  51.34919494  42.29333172  28.63127419  107.8941584  25.46843414  56.239419  67.27342002  58.72046898  47.61719898  147.4498965  23.05513359  50.5556628  8.288962343  1.702000166  23.46834913  4.553362135  21.57557491  61.79671275  109.5530511  78.73056883  51.41294003  72.13747565  94.56747301  95.85152209  37.11639984  47.03026816  
39.18343157  57.84455166  19.74691788  166.7216992  3.543928501  0.003536630776  1.86242923  6.49543175  1.278164403  31.02853774  32.02123844  141.8364365  22.07118859  12.13570839  98.89327634  42.60883992  175.5251316  92.73635587  44.2942922  18.67152218  6.012154181  18.28383011  12.15699838  4.372875588  88.83982008  193.433131  103.0777635  57.7634168  6.692275786  0.2294070933  283.5613793  26.12368322  163.3579371  69.43595962  8.498402029  
48.35713635  114.0125777  8.928777047  36.51376425  21.71018986  11.03052777  45.94974907  108.3962142  2.05031256  10.68805474  14.91447145  55.93169912  37.53688353  46.13944082  53.71229289  60.68002897  30.77730704  33.08148768  9.189870844  23.330212  60.81817876  26.36520845  34.69790419  10.19782159  120.9518715  7.160911153  89.53846817  38.69975959  13.09391445  67.44390409  44.5589532  164.0768835  26.42842983  60.13888183  23.93998215  
85.61033519  15.26821191  20.9895709  110.6934296  6.447760194  31.74497729  28.85973362  146.4172333  22.07204055  84.04987271  34.82263127  14.53533417  158.16976  36.46006812  16.4256156  5.155129596  13.53802127  1.849096977  10.91783343  110.8555445  14.15487834  80.70909117  93.66445316  41.2848427  54.74754131  5.743479191  17.50695144  30.10947472  26.88822714  69.83773348  6.776941639  13.94657813  93.44706012  32.94009404  57.91220448  
75.03177626  48.23168321  152.5278043  124.9169515  106.2396465  54.3950604  129.7741781  29.03051572  37.67188001  51.95972673  87.54398181  64.3046432  63.92142958  19.65744033  146.0962417  166.7427107  55.32162761  44.02922645  125.9858521  132.2870494  54.1248945  40.24330298  2.496684397  73.9883239  35.33548968  0.9774031731  7.036705317  12.56216641  74.10020478  2.528024258  7.511101455  23.00101247  28.68744648  23.27850423  2.208459538  
15.30256891  45.72838294  7.136859531  15.24343447  12.23805447  24.02099223  10.38916474  85.15341813  27.07065023  51.16757213  100.776069  106.9778091  31.47915487  16.33363883  103.5562612  20.79092383  71.94939548  13.86649495  7.036115799  58.38415086  60.27962852  54.14842082  1.068713292  4.193557381  131.8399586  6.457066419  107.1193269  109.8519519  4.70086098  64.7251655  108.561064  24.37178988  6.117592561  16.59053704  90.77334367  
79.68206616  30.84940845  42.84578024  119.4550345  70.42706968  206.0083502  50.47125051  2.067642321  48.66526149  79.84527268  60.63760869  135.6624829  102.2778131  66.04669237  4.937444372  32.14106983  1.511327619  19.59658165  3.275887298  112.4068912  64.9104775  2.972635932  197.7128304  99.19047689  48.94292021  30.46773439  20.79468145  44.604352  8.771120186  24.8882284  67.1558418  23.2281375  112.0409795  120.7163049  135.3750853  
1.564349538  28.55622345  56.57494417  33.51063159  37.85509193  119.7437168  42.52065002  8.129683713  40.93850607  74.90110695  30.07997747  14.1526284  60.08220431  95.62787194  17.56997048  176.6496793  22.17382512  288.4960724  8.018899855  4.633257412  77.21675994  44.16843342  73.05462818  63.92912245  9.152143427  116.4885334  81.49349974  10.53459979  100.1964347  4.851213944  34.48533381  6.189217964  28.73165471  72.71726614  27.01380068  
61.70120798  22.46020839  93.82128536  6.204418765  144.3069023  27.55575033  51.25275282  21.85803907  74.63985151  90.09461231  98.26974237  28.24785515  80.56090864  46.29435464  23.68232204  18.83017827  46.91835575  8.867436803  26.02384638  78.18064853  9.26649181  155.8075248  138.504783  11.36640066  57.71040206  13.81379082  45.6460542  13.14101373  34.51195336  16.04997192  29.36325678  2.236730704  102.6250095  169.0526787  14.81690703  
46.66489005  117.0321522  1.278332137  72.17015142  34.46194477  0.3793287911  11.95744256  4.209532971  15.49644152  2.430380441  32.58099315  0.2027655621  89.84867497  0.04132418157  10.96043886  0.01487223557  29.25504479  7.227355921  258.9473124  6.913226354  121.2652561  1.86254677  191.4629235  8.34906747  245.9257703  26.11355771  51.91707814  0.03956164803  14.91257524  59.55698769  39.31670713  204.0228868  2.675034019  19.86008343  74.78723885  
