4.874215161  4.491024459  10.56276726  -11.2338898  
4.870507455  4.487608237  33.97110113  -12.17281158  
4.681891043  4.31382007  39.67961775  -7.817644775  
4.111634484  3.788394731  19.53295755  -3.786415929  
3.980459486  3.66753217  14.66634237  -4.422902731  
3.686604299  3.396778666  9.015321812  -10.43744132  
3.378197415  3.11261746  4.310012468  -8.392327288  
3.34445385  3.081526675  9.332604154  -11.99220533  
3.3125791  3.052157787  8.058657889  -8.057981396  
3.282854596  3.024770101  3.667298024  -7.944662515  
3.207029964  2.954906489  21.16129069  -18.66946171  
3.203937543  2.952057181  18.96593994  -3.300730169  
2.909944222  2.681176403  15.1964679  -4.237022238  
2.874840688  2.648832564  6.754389999  -2.319409715  
2.800439872  2.580280834  7.101187276  -4.171168145  
2.778388948  2.559963462  4.069087771  -4.205064326  
2.721880777  2.50789773  12.25608002  -3.71317756  
2.678772936  2.46817885  3.955898254  -9.300131203  
2.54409357  2.344087421  39.61593326  -6.401994369  
2.537304129  2.337831738  20.21755567  -6.046488359  
2.488631542  2.29298559  17.20329758  -6.206564685  
2.40307426  2.214154468  5.792485581  -3.465259765  
2.317216467  2.135046461  6.425959772  -3.821050367  
2.304570665  2.12339482  20.28684357  -10.10350499  
2.265698906  2.087578998  30.93171365  -6.901583806  
2.224950185  2.050033774  7.231848572  -4.927704954  
2.158584334  1.988885332  7.973760787  -6.393160732  
2.12555038  1.958448371  11.45429409  -5.084521098  
2.096537788  1.93171663  10.63654746  -2.419200731  
2.05583716  1.894215718  4.397798788  -4.600061467  
2.053479904  1.892043779  6.6599302  -2.552435109  
2.025319641  1.86609736  10.67700978  -3.40316217  
1.963191737  1.808853696  4.863954714  -2.428382669  
1.948976052  1.795755589  17.25013583  -6.460284003  
1.788351441  1.647758623  5.382185395  -4.661195638  
