4.302721592  2.391865816  0.1235067546  -0.2907029041  
4.079343919  2.267691057  0.7780943851  -0.0611287539  
4.070674229  2.26287161  0.290311594  -0.2789049103  
3.999803564  2.22347489  0.4131193005  -0.1665729921  
3.943618402  2.192241782  0.155479908  -0.2688573568  
3.441137127  1.91291444  0.2874672643  -0.06665799877  
3.199356607  1.77850961  0.1982903374  -0.1207317852  
3.149798312  1.750960351  0.1055490827  -0.2718107277  
3.104097211  1.725555291  0.07121775386  -0.1434576845  
2.996044876  1.665489428  0.05900053381  -0.1789242162  
2.949012912  1.639344546  0.2090298238  -0.08323676331  
2.931316148  1.629506986  0.1161261579  -0.02091499227  
2.903720095  1.61416645  0.1725005379  -0.03902008399  
2.883611655  1.602988248  0.2365201135  -0.03034259575  
2.864543759  1.59238848  0.06778707802  -0.0318654086  
2.859755152  1.589726513  0.1771156158  -0.0996377128  
2.752802399  1.530271903  0.3576451639  -0.2474163408  
2.748198766  1.527712761  0.06447131333  -0.05798986729  
2.678463976  1.488947469  0.03917959103  -0.03587833863  
2.664881379  1.481396957  0.7646157142  -0.2123574579  
2.663140245  1.480429068  0.08431525567  -0.03002013702  
2.613774518  1.452986857  0.1557961202  -0.07658996926  
2.61006534  1.450924939  0.05683748001  -0.1752344986  
2.572618482  1.43010838  0.2685946864  -0.4259638774  
2.571331862  1.429393153  0.1959601328  -0.1561566484  
2.543891498  1.414139164  0.4275238035  -0.1954065046  
2.433096527  1.35254868  0.111011268  -0.1242970968  
2.41479369  1.342374206  0.09382414823  -0.06467626469  
2.373379351  1.31935214  0.1009091874  -0.01478528158  
2.30814791  1.283090241  0.1459006445  -0.08299793131  
2.148778566  1.194497457  0.2775955187  -0.1861608585  
2.143377066  1.191494785  0.0515969849  -0.03212228409  
2.130934621  1.184578079  0.066865982  -0.02533414459  
1.97865308  1.099925376  0.3742015038  -0.2857197076  
1.971115163  1.095735078  0.05768063635  -0.04605595683  
