  1   1 -0.04870581
  1   2 0.01672442
  2   1 0.04701206
  2   2 0.01576924
  3   1 0.04023893
  3   2 0.03519121
  4   1 0.08847937
  4   2 -0.00732998
  5   1 -0.04285151
  5   2 0.02587462
  6   1 0.02238604
  6   2 0.02849028
  7   1 0.00647360
  7   2 0.03328008
  8   1 0.08396012
  8   2 0.01161783
  9   1 0.01923351
  9   2 0.04895750
 10   1 0.00134000
 10   2 0.00573392
 11   1 -0.00057870
 11   2 -0.01182494
 12   1 0.03052429
 12   2 -0.02291442
 13   1 -0.02658630
 13   2 -0.01844748
 14   1 0.00657915
 14   2 -0.02100964
 15   1 0.01009012
 15   2 0.06094082
 16   1 -0.01305505
 16   2 0.00539916
 17   1 0.03231863
 17   2 0.04376163
 18   1 0.05546400
 18   2 0.01008438
 19   1 0.03147814
 19   2 -0.00854487
 20   1 -0.02013287
 20   2 0.00413784
 21   1 0.00615015
 21   2 -0.00390891
 22   1 -0.03510219
 22   2 -0.02825333
 23   1 -0.01155383
 23   2 0.08759639
 24   1 -0.01331165
 24   2 0.00250562
 25   1 0.02673223
 25   2 -0.03095668
 26   1 -0.01460699
 26   2 0.01030794
 27   1 0.08072252
 27   2 -0.00030052
 28   1 0.10750416
 28   2 -0.04310370
 29   1 0.05003702
 29   2 0.08643540
 30   1 0.00494506
 30   2 0.00288715
 31   1 -0.01270251
 31   2 0.02650764
 32   1 0.00631133
 32   2 0.00059624
 33   1 0.04214758
 33   2 0.02932501
 34   1 -0.00521373
 34   2 0.00272954
 35   1 0.00313110
 35   2 0.00192863
