-0.6528796614  
-0.8950498037  
-0.2450759031  
-1.053446821  
0.8299493226  
1.534224947  
0.7062824197  
0.8033291804  
-0.294694285  
-0.2214693294  
-0.8883478421  
0.7135652952  
-0.06587549354  
0.3491985455  
0.3942437506  
-0.81422528  
0.6264595257  
0.8319029683  
-0.5061837613  
-0.9627766819  
1.190498394  
-1.110016031  
-0.04918481251  
-0.08778491547  
1.36069344  
1.073973319  
0.6119205859  
-0.2043000365  
-0.7788940911  
-0.992064286  
0.2664813501  
0.159693658  
-0.1895801789  
-0.02163252415  
-0.1699193367  
-4.790325345  
0.4666066124  
-0.5113249982  
0.3867530638  
1.047181516  
0.3976830606  
0.4999165441  
-0.9865119511  
-0.2846437379  
0.9430572156  
0.4703428162  
0.7281092584  
-0.2383293783  
-0.6660054456  
1.288475142  
