1.213783301  
0.4304863  
0.01454884536  
0.6412710826  
-0.8003366908  
-3.216274181  
1.777096644  
0.3584402065  
1.242649199  
-1.156659764  
0.4517385757  
0.318785982  
-1.021854608  
-0.02358145339  
-0.4764921431  
0.2123739406  
0.6211149075  
0.5725094714  
0.9964093448  
-0.03793254477  
-3.752686533  
0.429434503  
-0.8082938533  
-0.9955135738  
-0.7335698289  
0.3016190373  
1.252610542  
0.1870461806  
0.07122329244  
-0.3861167952  
0.5085584568  
-0.1131204295  
0.6489622155  
0.992775772  
0.1970752085  
1.625633306  
-0.834784421  
0.429110802  
-0.6278206682  
0.711003701  
0.4892749972  
0.08287411788  
-0.05026401459  
-0.09195024887  
0.2599261684  
-1.015722365  
0.2455583416  
-0.3722770896  
-0.1049434044  
-0.6636998313  
