-0.4481622641  
0.4159795619  
0.1811592  
0.6331409175  
-0.4259873586  
0.2334302494  
0.5408700667  
0.8099386979  
-0.7215837771  
-0.9663576058  
0.3414133835  
0.5247727101  
-1.479490491  
-1.083756612  
-0.8941923494  
0.6170888877  
-0.2570494602  
0.4915127974  
-0.3199505554  
0.9901945887  
-1.381598946  
0.6854310095  
-1.07663917  
1.18410662  
0.07813322258  
-0.7718795605  
-0.3585885432  
0.6284003836  
1.030593827  
2.612017972  
0.5991720516  
-0.2564037245  
0.6079571972  
0.2931311525  
0.3485116321  
-3.904485893  
0.7020356615  
0.6867098374  
-0.908226113  
0.1465299977  
-0.801317131  
0.9687220308  
0.7502845471  
0.7151845096  
0.05616344001  
-0.3235885886  
0.1217653205  
-1.80191949  
0.8607384719  
-0.673912311  
