-0.07541377815  
0.04266082611  
-0.9291060313  
0.213686255  
0.5337675191  
0.594515956  
0.5880201947  
-0.3549949782  
-0.4845678031  
-1.659885972  
-0.7764631823  
-0.4003415514  
2.23580805  
2.688533741  
0.2830319688  
-0.1758548274  
0.1375028204  
-0.1194472151  
-0.9779142753  
-0.7001303422  
-0.2377949372  
-0.1761073287  
1.093093706  
-0.3358451495  
0.2962572713  
0.952875908  
-0.5730498419  
-0.4057207154  
-0.2255135668  
-1.62304907  
-0.9472302981  
-0.203870653  
0.09711672052  
-0.5953023374  
-0.4151257999  
0.7084747203  
2.383110403  
-1.010546724  
1.992348463  
-0.4063952387  
-1.412838244  
-0.3803853209  
-1.061001847  
-0.2639710056  
-1.019272348  
1.843000181  
0.5067377409  
0.8807057007  
-1.113144655  
0.9890368916  
