-0.5394093054  
-0.2999229964  
0.8263571742  
0.3477243633  
0.3852434419  
-2.259385987  
0.5224762422  
0.5301310945  
0.3105365106  
0.7411732155  
0.9533569331  
0.4941335784  
-0.1452687959  
0.01870569019  
0.1287619597  
0.2365090877  
0.5945599542  
0.5105014654  
0.1476132929  
0.7480070984  
-5.048225006  
0.7413717961  
0.1970964169  
-0.07780491044  
0.3024724292  
-0.4187582653  
0.6301899067  
-0.5805124729  
-0.7011718117  
-1.28680955  
1.475864413  
0.4813168688  
0.03796169338  
-1.213297844  
0.001685927817  
-1.091582954  
-0.1990354571  
-7.910713151e-05  
0.1149617127  
0.4303315681  
-0.4006167817  
0.7061681879  
-0.09381090228  
0.5135995222  
0.2559456865  
0.2635325856  
1.363045835  
-0.1517712257  
-1.059615582  
0.5557433039  
