0.3217292861  
0.1124449281  
0.02171886562  
0.248240074  
1.144413692  
-0.9179343844  
0.2433751563  
-0.4313973684  
0.6744545884  
-1.34031282  
0.7721077304  
0.239042164  
0.4582871173  
0.334521334  
1.705480867  
0.1142210571  
-0.6034443476  
-0.2602843072  
-0.484514247  
-0.0893326435  
-4.255052905  
0.3665370941  
-0.3641908164  
0.5762454243  
0.3609491825  
1.36752465  
0.4114231808  
-0.02310595403  
0.4844828465  
-2.002431115  
0.310781941  
-0.7548333097  
-1.241514713  
0.4466964348  
1.479828601  
-2.286219286  
0.6186958566  
0.6806411423  
0.03674536842  
-0.2646022347  
0.2118103097  
1.233844621  
-0.0681071211  
-0.01467457739  
-0.6977333395  
-0.08093394171  
-0.649902573  
0.5199498097  
0.4523625804  
0.8819661015  
