0.6693450987  
0.3169305153  
0.688931769  
0.5471694523  
-1.482813809  
0.4297691045  
0.3468961158  
0.6213592806  
-0.3659318807  
0.6916878238  
0.4261266024  
-0.6106441588  
-1.223348735  
0.08981581815  
-0.0805141236  
2.395501991  
-0.3261381008  
-1.21342034  
-0.3888729926  
-0.007790831413  
-1.836170459  
-1.550951263  
-0.02148498758  
2.499922925  
-1.701674057  
-0.2627149789  
-0.3034313403  
0.0985307397  
-0.2368892407  
-1.079875401  
-1.406569546  
0.9229687706  
-0.10938591  
1.420746631  
0.1836165553  
0.7944716845  
-1.787253115  
1.153206686  
1.342573515  
-0.7141579496  
0.2594833941  
0.7954647456  
-0.9732850274  
1.386287992  
0.9470504651  
0.2874292369  
0.006203528539  
0.01503453295  
-0.672383687  
-0.9808230401  
