0.58848883  
0.7608308524  
1.882912502  
-0.9108080206  
-1.210208574  
-0.3439535273  
0.4731052023  
-0.005919627823  
-0.5947576254  
-0.169092578  
0.3676933616  
-1.096217981  
0.7499033217  
-0.2255073275  
-0.4506965825  
-0.8897084484  
1.106248608  
-1.943821781  
-1.712087069  
1.353266488  
1.366563837  
0.2327394879  
0.4852114065  
-1.197847865  
-0.1793023827  
-1.912143448  
0.3659774716  
1.608422462  
0.3740060745  
0.8793901409  
0.008151583825  
1.502365671  
-0.2562000269  
0.5090196282  
-0.5122880091  
-0.6444248436  
0.664628582  
0.1784269684  
0.5706316888  
-2.182733655  
0.6441419933  
0.838377364  
1.11684847  
-1.807849411  
1.044505156  
-0.7878572444  
-1.096372622  
0.6493116783  
-0.2910799484  
0.09970976856  
