0.5687165655  
-2.093701208  
0.9206843381  
-0.3067462797  
1.704666612  
0.003173563711  
0.823544208  
1.066428535  
0.1999329116  
-0.6715159826  
-0.8125915869  
0.0336128225  
-1.773954314  
0.562933261  
-0.2916317122  
0.93853937  
-1.214473294  
-0.2418848884  
1.035025331  
0.3991370257  
0.8235743867  
-0.2006119757  
-0.01904274566  
0.03364696293  
-0.4906551386  
0.1724077154  
0.6237571037  
-1.01263128  
-0.477907778  
-1.143583621  
0.3998326542  
0.7117445707  
1.065502479  
-0.8669431194  
0.4255175406  
-4.209456216  
0.8137572546  
-0.5329784785  
0.5323887996  
-0.5014049216  
0.6889870989  
0.1825549406  
0.357362866  
-0.5541291334  
0.2775000965  
1.062713881  
-0.5475105724  
0.4957344066  
1.2855233  
-0.2455463573  
