-0.06649600568  
0.00628490374  
-0.100234746  
0.2213566726  
0.2344465153  
-1.795272115  
-0.1960564547  
0.9892673045  
1.313649883  
-0.8855670339  
-0.5128500263  
0.5929101405  
1.715077263  
-0.6918764233  
-1.049680964  
1.571135545  
-0.6995207428  
0.2936598037  
1.371000474  
0.4783541604  
-3.910771311  
-0.6136975013  
-0.6094983744  
0.6055161512  
1.002873816  
-0.80472643  
-0.04636365657  
0.4804604333  
0.04366181277  
-0.7877267377  
1.359876487  
0.8459227883  
0.4093738863  
0.388894459  
-0.8926264472  
-0.1828652997  
-0.02617105065  
0.4154650188  
-0.8235929039  
0.9264981244  
-0.05386342463  
0.7701434186  
-0.4112805034  
0.01947423543  
0.3888826306  
1.170533981  
-1.80439604  
-1.07480699  
0.8094885673  
-0.3842672954  
