-0.1519566155  
-0.2910310623  
0.9039536483  
-0.4139867065  
1.514480381  
-1.465695318  
-0.521576407  
0.9387545022  
-0.4691200036  
-0.1852324476  
-0.4775004403  
2.284463763  
-0.6219660078  
1.432041354  
-0.7489410059  
-1.149286187  
1.653680951  
1.715913523  
-0.4766539151  
-0.322494806  
-2.590907952  
0.2340437484  
0.1875654737  
-0.4225663465  
-0.7041574914  
-0.4010821685  
-1.254168475  
0.4838822476  
0.1213983499  
-1.798937503  
0.2833382621  
0.5450762323  
-0.7843216148  
0.8432572859  
0.5946773453  
1.285034448  
-1.030929286  
-0.6419778489  
1.004206154  
1.111341916  
-0.9477818637  
-0.1781213005  
0.4230880931  
0.2480817685  
0.6554276784  
0.4080078685  
-1.161888032  
0.62752184  
0.9973774419  
-1.284333472  
