0.1988416672  
0.0409680145  
-0.9502687743  
0.4166277684  
-0.3616644037  
-0.9295679529  
0.553938527  
1.153846791  
-0.5430013739  
0.759757129  
0.2694860689  
0.09716675638  
0.09700927457  
-1.275721885  
-0.1677549705  
0.04280955536  
1.787792753  
0.2335724552  
-0.593304709  
0.1810945335  
-2.699564588  
0.2521690319  
1.026776319  
0.2201940522  
0.4782232478  
1.57026645  
0.3386025854  
-1.046660977  
0.9079035109  
-2.11916699  
-0.6709124831  
0.2285192479  
-1.016224235  
-1.140906538  
-0.7665742679  
2.562141316  
1.481433218  
-1.137392059  
1.113608052  
0.6312494032  
-0.05190464967  
-0.3833399247  
0.9713287693  
-0.3622183061  
-0.3778146883  
-1.132718188  
-1.52553313  
0.1138536639  
0.5990288309  
0.9240061021  
