-0.02662190824  
0.237521526  
-0.01313871925  
-0.6668960627  
-0.02437511876  
0.9124561268  
-0.9415426836  
-1.728295812  
-0.4866985291  
-1.305102429  
0.179743998  
-0.1108730659  
0.1046277271  
-0.1800607431  
3.08635463  
0.2606729157  
1.359082894  
0.09775716248  
-0.1455598236  
0.9185342467  
-1.485609728  
-0.1018352221  
0.9153899296  
-0.04016301153  
1.4403816  
0.3473014842  
0.07857424472  
-0.891022152  
-1.618485396  
-1.867908952  
-1.233109929  
-0.07766820118  
1.298873691  
0.4034921178  
-0.2187509747  
2.034903348  
0.6841047578  
-1.382876454  
0.6175210016  
1.052848019  
0.4109779663  
0.4514871132  
1.001165137  
0.07196730986  
-0.5601942318  
0.1001300676  
-0.06408056517  
-0.4814423653  
-0.499971276  
-1.913585661  
