-0.5272240242  
0.2996337411  
1.645495227  
0.1755288322  
0.2284351805  
0.146259652  
-0.1264223501  
-0.1065882672  
0.07114695646  
-0.9151268713  
-0.2975029681  
-0.4119589164  
-0.02204653072  
-0.5335702949  
0.5504492558  
-0.6950669939  
2.17046233  
-1.397424789  
1.330183122  
-0.01653348542  
-1.965740988  
-0.187932965  
0.436773785  
0.9897819141  
0.3729645036  
1.997573247  
-0.9897058257  
0.2820947952  
-0.1604648723  
-3.252163454  
-0.1300663914  
0.03708709584  
-0.4415452082  
0.4739705663  
-0.2327559437  
-0.6476997192  
0.7047728714  
0.699592758  
-1.145990887  
0.1899706879  
-0.5680459648  
-1.829372799  
0.7060123813  
-0.4244523665  
-0.238211493  
2.008150742  
1.59321635  
0.1847265208  
0.1709632797  
-0.2016314271  
