0.06943859607  
0.3750387513  
0.2033360062  
-0.556048103  
1.465535791  
-0.7938135984  
-1.078750212  
-0.1879432685  
-0.6940870006  
-0.3458029392  
0.262983393  
-1.200078638  
0.7622891404  
1.191103995  
0.02652748095  
-0.1720480853  
2.305420025  
0.1612649923  
0.8927481731  
-0.4899586488  
-2.439370494  
-0.3892728171  
0.05638928462  
0.3497292421  
1.373606131  
0.1441825054  
0.5860898464  
-0.04587740086  
0.4488748222  
-2.008228589  
-0.2187865873  
-1.054536133  
-0.334770824  
-1.348453514  
-0.1345569449  
1.482201315  
1.620535288  
0.2190538986  
0.52836286  
-1.252936902  
0.5932766087  
-0.4548281475  
-1.929425007  
1.123252009  
1.731328437  
-1.197671463  
0.2606207079  
0.1879797887  
0.7842134948  
-0.8781372646  
