-0.09152135424  
-0.4890790959  
0.6252164103  
1.40265978  
-0.5330914628  
0.8252881207  
-1.760536424  
-0.5238242524  
-0.469834848  
-0.5180461546  
-0.5862549003  
0.635628197  
0.3203719641  
0.6754531558  
-0.01345194181  
1.018823761  
1.645993774  
-0.02112666469  
-1.838578955  
-0.01597658623  
-2.855144877  
0.1033712451  
0.2841927536  
-1.424417626  
0.2638362927  
2.01145087  
-0.05785451951  
0.4413914081  
1.563977909  
-0.9408017932  
0.6803321985  
0.09470626423  
1.812235485  
-1.212029508  
0.776336062  
-1.722706498  
-0.4624001546  
1.119192595  
-0.6630668478  
1.027345703  
1.380841516  
-0.2119243796  
-0.1578669356  
-0.3538694205  
-0.668267648  
0.1679917811  
-0.04729492687  
-0.8201857277  
0.03405486832  
-0.4515386134  
