1.920888189  
-0.2470172058  
-0.9881332352  
-0.3188320472  
1.058254625  
0.3884204082  
0.0609353764  
-0.6397161471  
-0.3156350626  
0.9438332756  
-1.295015917  
-0.5974313293  
0.5862402325  
0.6207448567  
0.4693024813  
-1.078534796  
-0.1716749036  
0.2936235422  
-0.2693167895  
-1.121571472  
-2.992114835  
-0.6006029029  
0.6041263356  
1.814921547  
0.9614877543  
1.079937445  
-0.07749468196  
-0.1989866224  
-0.6429838522  
-0.01559763791  
0.3763683366  
1.681861967  
0.07821514964  
-0.4869143978  
1.585256586  
-2.422391203  
0.5415662084  
-1.447519733  
0.6949824276  
0.6306509334  
-0.583472743  
-0.5035871408  
-0.8611052226  
-0.5914688775  
1.047941857  
0.1319393177  
1.010880558  
0.262044582  
-1.070522114  
0.6932168769  
