-1.09717746  
0.1414648141  
0.4919978063  
0.04312318783  
1.841551889  
0.1961498532  
0.9694618863  
0.9897533129  
0.351153819  
-0.7698622704  
-1.461040427  
0.5685461724  
-0.6159168733  
-0.7730939403  
0.1162665696  
-1.51247313  
0.5914010281  
0.2774928323  
0.4097916825  
-0.8840417633  
-3.808772861  
-0.1489309312  
1.070233507  
-0.3304264102  
1.643875147  
1.163875446  
0.6222920029  
0.1705454092  
0.05549534142  
0.1432959478  
-0.04233374294  
-0.4428280316  
0.404412588  
-1.199625244  
-0.7770823579  
2.566468065  
-1.344106594  
-0.507794669  
0.4179997001  
-0.4189265966  
0.5215984264  
0.927017468  
-0.0835827447  
0.2640047297  
-0.8959882578  
-0.3054091605  
-0.2865683888  
0.6474741115  
-0.1208190072  
0.2200581173  
