-0.3778838539  
-0.7803968729  
0.1004602513  
-0.8839728725  
-0.5849556965  
-0.3432968435  
1.276707301  
0.998932457  
-1.024325228  
1.71199182  
-1.94895593  
1.055488507  
1.5056586  
0.6515157509  
1.310873205  
-1.234366129  
0.4602846121  
0.1192851293  
-0.8852727138  
-1.802928643  
-0.408025713  
-0.7538483603  
0.6221031577  
1.972060133  
0.04102549866  
-1.017106964  
1.043615461  
-0.3044009671  
-1.276458796  
1.412190115  
-0.2455787425  
-0.6900931294  
0.1550328012  
-1.04963796  
0.7197287557  
1.299894906  
1.336446252  
-1.089072484  
-0.3789047609  
-0.4867836851  
1.052290059  
-0.4129293623  
-0.6185614138  
-0.5109330434  
-0.7900238319  
0.6412731782  
-0.4389225262  
1.875190553  
-0.4212092629  
-0.6032027198  
