-0.2376675604  
-0.6901673258  
-0.2961087937  
-0.3012770663  
0.9984691828  
-0.6128675642  
-0.6486470358  
0.2157090959  
-0.7157796549  
-0.409905092  
-0.5758013094  
-0.302910525  
0.2465360395  
0.3265667887  
1.627116943  
-0.4704162482  
0.67745104  
-0.3481930556  
-0.6401019923  
-0.83460362  
2.671299049  
-1.582996066  
4.117186761  
-0.07546571808  
-0.6238811706  
0.8078192472  
-0.7715542802  
-0.456458629  
-0.8205436156  
1.147833547  
1.1124144  
-0.614624227  
-0.4703787189  
-0.3770184889  
0.145480391  
1.358613421  
0.936372242  
-0.8337963046  
0.1191035066  
-0.1427329974  
-0.9484611153  
-0.3524383284  
-0.9805179863  
-0.6396874313  
0.3382492656  
0.6603353471  
-0.2968841759  
-1.008176296  
-0.2239243635  
0.7974304899  
