0.7841232286  
-0.2502321048  
0.8003416437  
-0.2833423462  
-0.02385864955  
-0.7853873968  
-0.346773252  
-0.7706296263  
0.735991385  
-0.944678503  
0.4103361648  
-0.1509675577  
-0.3524300458  
-0.2496401784  
-1.514948921  
0.3265991725  
0.7741303518  
0.07636360578  
-0.142915315  
0.0416578416  
2.989702455  
-0.3648800487  
-0.1441511173  
1.195030367  
-0.1704153663  
0.07503663356  
-0.8110804059  
-0.4958405708  
-0.7320378466  
-1.518429749  
0.5084057932  
-0.9149364096  
0.7196925643  
-0.1650109664  
0.5179727675  
4.335203591  
-0.4119588194  
-0.7836135036  
0.5216461292  
-0.125563716  
-0.2357128382  
0.4670778349  
-0.644523394  
-1.252617001  
-0.8805389181  
-0.7484602185  
-0.08574859972  
0.973720972  
-0.6099213184  
0.6582122022  
