-0.004867065814  
0.4204013993  
-0.2957474298  
-0.6979595137  
0.04931250715  
0.3080938558  
0.1436557212  
-0.3263178051  
0.4911641204  
-0.8347877993  
0.3074350719  
0.3515876462  
0.4657128376  
-0.1860230015  
-1.391974873  
-0.03237891715  
0.3176658325  
1.08538777  
0.9790045014  
0.9792873867  
-0.9402870616  
0.1472319719  
0.9610291994  
0.2567581567  
-1.486275783  
-0.3324668923  
0.6243788352  
-0.1564885494  
-0.4500485347  
-0.4602200965  
-0.2418148544  
1.264552502  
0.09441606485  
0.4841192169  
0.3581045229  
-4.972050749  
-0.1809984964  
-0.001858614513  
-0.3305031597  
0.2626825054  
1.756351821  
0.6133252255  
0.4900605404  
0.3086345999  
-1.182194712  
-0.5685827183  
1.134214454  
-1.147605584  
1.036602581  
0.5302813621  
