-0.4130930852  
-0.4819685916  
-0.2752803507  
-0.4437611304  
-0.05284857413  
3.889321961  
-0.1878149246  
-0.09471560475  
-0.3354386741  
-0.2676154644  
-0.204950829  
0.07620196302  
0.184380258  
-0.1530617466  
0.6661408862  
-0.2191271529  
0.9004623675  
0.05173149434  
-0.4123357899  
-0.1652873082  
-1.503887632  
-0.5346908969  
-0.07007261236  
-0.2790931892  
-0.4468962161  
-0.2225701817  
-0.3421844387  
-0.2733267033  
-0.5266114809  
0.4066869352  
-0.08567434191  
-0.4115834676  
-0.4136443577  
-0.2265885083  
-0.3348596804  
4.405132753  
0.2210126233  
-0.4259254989  
-0.1632779288  
-0.02343299269  
-0.4924397499  
-0.4287445878  
-0.6055110429  
-0.5498760339  
-0.1861646533  
-0.3526423636  
-0.1648030936  
2.496205866  
-0.1632766595  
-0.3621995705  
