0.6145777375  
0.6762042093  
-0.6353404944  
-0.00328265817  
0.3823448188  
-1.684565554  
0.2015255802  
1.601309298  
-1.253390404  
-0.4234597424  
0.0534487143  
1.314461794  
-0.1252580467  
-1.337069528  
1.547899268  
0.3175027643  
-0.3535857206  
1.167320531  
-0.7742497108  
1.216431167  
-0.07837004042  
-1.041811787  
-0.7376459117  
0.2371764931  
-0.6772249269  
0.3725846465  
-1.079269886  
1.366228609  
-0.7609794352  
-1.078418455  
-0.5245925406  
0.8720950809  
1.768759289  
-1.093170852  
-0.05600546891  
-0.9485662036  
-1.368195316  
1.637324489  
0.4898623959  
0.6407147699  
-1.014110587  
-0.7305480853  
-1.426228045  
-0.9389459259  
1.331281328  
-0.7038858201  
1.765339752  
-0.5511880713  
1.394756902  
0.430209578  
