0.860672213  
-1.019134323  
-1.496214816  
-1.351145648  
0.2436792102  
2.261743365  
-0.2163074423  
-0.687002148  
-0.6214182361  
-0.1032248652  
-0.03758907326  
-0.6104271961  
-0.05061317698  
1.16313193  
1.301992679  
-0.4697653731  
2.421189247  
-0.7596326488  
-0.5931915465  
-0.2670646536  
1.095936556  
0.09712960988  
1.332934219  
-0.06595064243  
1.548642115  
-1.325264237  
-0.9945917673  
-0.7649639286  
-0.02422275963  
-0.8442098513  
-0.7003342902  
-0.2695384193  
-0.3923478879  
-0.4961335608  
-0.2938562518  
2.410801626  
0.06468651671  
2.12430795  
0.2209346367  
-0.2647576102  
-0.775007961  
-1.205619589  
0.04218840939  
-0.3858582574  
-0.9313003281  
0.5357124841  
-0.8498469665  
0.7122739559  
-0.4736375284  
0.9022162599  
