-0.8880065798  
-0.699527324  
0.01523048582  
-0.9573065525  
-0.8750145597  
0.3414931767  
0.2288199483  
0.6113213582  
1.465011155  
3.575226589  
-0.9587180769  
-0.08773216171  
0.1699589357  
0.8147826605  
0.8226813697  
-0.2613831639  
-0.6875779561  
-0.8253929232  
-0.09935075613  
-0.123772273  
-2.07187922  
-0.2441419699  
0.09312032823  
-0.2001814765  
0.2276341654  
0.02183159144  
-0.8550261261  
-0.266789379  
1.177855215  
0.6163240326  
-0.7066860637  
-0.9392281977  
1.498098939  
1.750672545  
-0.6367105625  
-1.193795453  
0.3372505955  
0.6027532019  
-0.7155152118  
-0.6352595067  
-1.029433431  
1.857087428  
-0.6431376825  
0.004741992064  
0.1433270766  
-0.9204431744  
1.127641609  
-0.8519308559  
1.415688756  
-0.5446125172  
