0.2706777157  
0.34156633  
-0.7104868396  
0.7535895395  
-0.7044285834  
0.3368676479  
1.008461408  
0.6885466841  
-0.6608830409  
-0.3510646413  
1.305288657  
-0.152683994  
1.043685629  
-1.609775795  
-0.7404604598  
0.4692133076  
-0.1623212453  
-0.7063246707  
-0.443983852  
-1.100266971  
-1.38083491  
1.36618504  
-0.1124327214  
-0.332806014  
1.380078248  
-1.13752314  
0.9425347884  
-1.174084214  
-0.3942078532  
0.1477706162  
1.516767343  
-0.7334656576  
0.1819842964  
0.358497739  
2.08285886  
-1.394539802  
-1.290096931  
-0.5989935428  
2.209822284  
-0.5365800137  
0.5931615862  
-0.5569439659  
-0.03737296662  
-0.4820080583  
-0.4324229881  
1.357598959  
0.4173720736  
-1.634814341  
1.958249804  
-1.158971345  
