-1.049037317  
-1.738507908  
0.443804193  
0.8602845318  
-0.007798783357  
0.7371985249  
0.5504921531  
-0.7514693842  
0.3334473045  
-0.2440576747  
-0.9060320623  
-0.6476134421  
1.403762739  
0.004943927535  
0.3659582469  
0.822359151  
0.9078595257  
0.642948759  
0.2386024459  
0.6533540395  
-1.635926305  
1.251665576  
0.6441471777  
0.61860689  
-0.03030546383  
-0.1715948264  
0.03723429793  
0.9999483774  
0.006788175361  
-0.324655359  
-1.357941117  
-1.966661714  
0.4213076298  
0.1573567802  
0.2565276348  
-3.805256506  
-0.5404716558  
-0.3590320381  
-0.1467141058  
-0.08602127303  
-0.3905732638  
-0.4774448975  
0.6280716438  
0.0313959874  
2.054313025  
0.4887974683  
-0.5905198214  
-0.5211758133  
0.2938438853  
1.893790641  
