-0.7398110526  
0.5051262919  
-0.3767370667  
0.3840734212  
-0.5776369959  
0.00433871499  
-0.1448030767  
0.06946248323  
-0.7354331377  
-0.2210221478  
0.3689292101  
-0.05604407159  
-0.3310435064  
-1.028592158  
-0.5786045029  
0.6577890529  
-0.6214995721  
-0.2167404645  
-0.720232046  
0.5561048934  
3.930891489  
0.643876271  
1.969348579  
-0.8147993943  
0.1763964974  
-1.215989913  
-0.1719432158  
0.291923111  
0.6331513993  
0.2063996748  
0.5444834748  
-0.9805253656  
0.5366847791  
0.8346458404  
-0.8480500179  
1.153903523  
-0.9088044149  
0.6068126948  
-1.225137878  
-0.5876324673  
-0.314997615  
-0.6920428127  
0.5360773946  
0.4047691212  
-0.8350124728  
-1.155742023  
-0.7361354542  
2.741246413  
0.6046024476  
-1.526023934  
