0.6231673803  
1.387334655  
-0.7460755628  
1.4693609  
-0.2511316358  
-0.5729707158  
-1.344089434  
0.1174839625  
0.0895595228  
0.9517124995  
0.699550817  
0.3055646132  
-1.550375332  
0.6872969865  
-0.1467871928  
-0.1996061315  
1.099307355  
-0.1229708619  
1.066819661  
0.8430606162  
-2.12465127  
-2.303592823  
0.5142310967  
-1.11592325  
0.7762419419  
-0.9618912191  
-0.7713697534  
1.139415463  
-0.2277075046  
-0.8849646165  
-1.520359637  
-0.1837449789  
0.06822108051  
0.6342262174  
1.770642895  
-0.9140442268  
1.196390547  
-0.8582408392  
0.6608542482  
-0.9647034305  
0.005295072903  
-0.2235330187  
-0.6280303688  
-0.4462153234  
-0.06089035428  
1.556234331  
-0.7103085488  
1.172231976  
-0.7167376993  
1.716711891  
