-0.1553665073  
-0.2779794257  
0.7483858807  
0.4905645409  
1.29044437  
-0.7337595355  
-0.6285369629  
0.6720812688  
-0.8677725589  
-1.214034325  
0.2870665501  
0.6053973926  
0.3230766175  
-0.8708692318  
1.214999392  
1.83015481  
0.06477108857  
0.3978648287  
0.462622149  
-0.9250449551  
-2.044150426  
-0.7264449038  
-1.085348056  
-0.5112867867  
-0.2124173337  
-1.740475276  
-0.5814395631  
-0.6699917747  
2.807744561  
-0.2926541186  
0.3289733568  
0.20762432  
0.5597495335  
2.075017806  
-0.552107653  
0.9610862931  
-0.2326735374  
-0.4128359586  
-0.31548488  
-0.6464423553  
0.65075445  
-0.719895548  
1.939963561  
-0.08858336292  
-0.4766808837  
-1.442983411  
1.317531118  
-1.057092362  
-0.520123494  
0.7666012983  
