-0.9524466959  
1.358347489  
-1.321525834  
0.8734568962  
0.3249829519  
0.8912105463  
-0.6193300525  
-1.163227521  
-1.26204016  
-0.093801082  
1.3971953  
-1.061670822  
-0.2170025024  
0.3131155639  
0.03617118923  
1.213731854  
0.1758477715  
-0.8017380306  
-1.014957633  
1.218190131  
0.3431616523  
1.189242459  
-1.095015238  
-0.543700052  
-0.5322560006  
0.1808097762  
-0.7966907101  
1.246686765  
0.4670261174  
-0.7985739279  
1.800401244  
-1.212395656  
1.525716968  
1.646987299  
-1.106155962  
0.8497893185  
-0.0856557491  
1.024415559  
-0.2702920573  
-0.9633722612  
-0.8208117464  
-1.478751876  
1.143760866  
1.195814733  
-1.310723169  
-0.187590897  
-1.305761877  
-0.8919988654  
1.248750464  
0.2426734638  
