0.5343945007  
-0.6047325923  
0.5402481189  
-0.8726199753  
1.519543488  
-1.369804325  
0.5733273407  
0.551054487  
-0.3955065302  
0.7044812426  
0.04242165208  
0.7822260781  
-0.003794378185  
0.679609713  
-0.9264702732  
-0.1342529902  
-1.42254532  
0.8225933528  
-0.6072027173  
-0.1833699906  
-3.981059453  
-0.7628204002  
0.7296712925  
0.4919287004  
1.717006242  
1.636222461  
0.4112588222  
-0.7128600177  
-1.236925093  
1.247506598  
-0.7863276494  
0.3503706559  
-0.6866276524  
0.2158546657  
0.4520574098  
1.482134405  
0.3869477274  
-0.4357604118  
0.443473404  
0.6231626451  
0.292710422  
-0.6492382246  
-1.052331168  
-1.243717032  
0.5688696071  
0.2981322097  
0.667198683  
-0.7185418305  
-0.7155533227  
0.7376554228  
