-0.2244365178  
-0.8381059872  
-0.8532767634  
-0.8059598572  
1.312319752  
-0.306646957  
-0.6833722445  
-0.4240570958  
-0.5280688435  
0.9626658952  
-0.5311075418  
-0.5557724133  
1.32052347  
0.9417936751  
1.306557517  
0.07440319625  
2.479694169  
-0.416402857  
-0.676422016  
-0.5336175641  
0.5543754196  
-0.9875738165  
0.2696081288  
0.5914857026  
0.8378551205  
1.78380617  
-0.9559289019  
-1.199673789  
-1.07330121  
2.040862892  
-0.9246990356  
0.2459630909  
-0.7819487239  
-0.1279746401  
-0.03945747869  
-1.602096618  
0.7308573529  
-0.9795585042  
1.424606235  
-0.2445727097  
-1.007058894  
-0.480127361  
-1.364804695  
-0.8168892768  
-0.2451550319  
1.239412133  
0.0350912105  
1.933390451  
-0.6903988459  
0.8131946088  
