0.09385658909  
0.2393475671  
0.863066137  
-0.7451836007  
-0.3659915872  
0.1950815247  
-0.1631861415  
0.3073832847  
0.4016925289  
0.5257676689  
0.2801563404  
0.5506176998  
-0.109348246  
0.1059882285  
0.04778380844  
-0.8710424594  
-1.50924688  
0.6149226589  
0.7537349283  
-0.8021688521  
-2.324028054  
-0.3230770108  
0.4753574055  
0.6852174807  
0.2478316015  
0.3774394528  
0.008576107585  
0.2253778741  
-0.002881699515  
1.884048449  
0.3107469172  
-0.5548980702  
0.4392845481  
-0.5508347396  
-0.9846337947  
-4.974000219  
0.6829969716  
0.1604428206  
1.709347088  
1.087013309  
0.6102285429  
-0.05734161592  
0.3734001803  
-0.04982905496  
0.01225716747  
-0.2576915646  
0.09755451755  
0.007743619516  
0.01972101576  
0.2513995577  
