6.915314992  5.339752295  0.293596002  -0.09663094384  
5.065467521  3.911368007  0.1242784154  -0.05083762334  
4.038663216  3.118507429  0.1430975282  -0.09964246984  
3.543956151  2.7365128  0.8113906573  -0.1781696474  
3.295778902  2.544879442  0.2651760967  -0.2466043911  
3.286566249  2.537765769  0.07226132153  -0.02804034299  
3.233697912  2.496942781  0.152407728  -0.19087351  
3.154457944  2.435756587  0.1316487654  -0.04353864965  
3.073191385  2.373005535  0.07017947686  -0.07457112548  
2.948682733  2.276864526  0.0783945146  -0.02376339468  
2.926432997  2.259684097  0.05116035683  -0.02032183997  
2.901888718  2.240731906  0.3091889367  -0.04336846779  
2.785686694  2.15100497  0.04794104219  -0.02339396292  
2.74401783  2.118829803  0.0600555234  -0.01670737673  
2.723244485  2.102789389  0.1633325404  -0.1297927543  
2.626098663  2.027776952  0.04601793192  -0.1142584256  
2.610800635  2.015964377  0.04375959  -0.0126883409  
2.594976947  2.003745907  0.1878269462  -0.1062527302  
2.524072423  1.948996037  0.07067831419  -0.07933150415  
2.499560948  1.930069176  0.1545200504  -0.04882450053  
2.450788306  1.892408733  0.02753339926  -0.01286955628  
2.397109469  1.850959906  0.02494236912  -0.02942551545  
2.39648957  1.850481243  0.04851277347  -0.01526500263  
2.367056074  1.827753778  0.01799130662  -0.01314568687  
2.365416208  1.826487534  0.03615913352  -0.02519139585  
2.314469147  1.787148084  0.0381293641  -0.02017408474  
2.293495958  1.770953358  0.02342305896  -0.01646473513  
2.283276788  1.76306249  0.02470294398  -0.06221821261  
2.280182502  1.760673196  0.08189193103  -0.0277014429  
2.264393494  1.748481504  0.05128119979  -0.0396032612  
2.259653177  1.744821205  0.01949135459  -0.05128035931  
2.23558514  1.726236751  0.04919490716  -0.02182313931  
2.221082642  1.715038454  0.0187823639  -0.03342108036  
2.200610472  1.699230596  0.09772094187  -0.02481851018  
2.177833705  1.681643213  0.03076531515  -0.01694805821  
