76.93880714  252.220314  9.348332665  5.439739735  167.8307569  236.9705059  561.1170845  67.85073321  10.40982201  27.08815805  173.9202312  47.07062357  9.034246221  253.8417254  0.6784509823  103.1279684  126.7898798  89.67320001  7.128609493  293.0424261  107.7500176  147.3715706  71.03150688  405.5607174  149.3933715  219.7395019  101.5135187  8.67186852  11.9646667  242.0930724  339.1420603  19.17759297  6.966209372  64.94586063  95.29096547  
91.25471307  233.3911695  11.07532291  9.145698569  198.3098173  389.9296604  363.8878403  55.78188182  26.27865392  98.90115868  83.80413834  109.0415659  40.53447019  79.50392535  9.873765483  34.41885666  225.143435  94.15610928  23.37791771  206.3840792  83.03646868  151.3932887  100.9036266  164.1413931  186.8937952  151.0664113  233.8807461  0.7979646889  47.18167864  268.4085023  154.8782753  186.6485662  15.66939342  40.76030011  230.5735651  
83.61379736  202.2306745  34.48864484  11.49585831  200.535106  463.0465941  262.1886153  27.69961169  28.87290727  215.4115941  52.05967057  143.3162756  86.35507411  6.786333146  28.54043695  75.10499535  211.8068364  89.36790271  61.38334354  133.1513506  60.96584058  147.6836109  133.6845691  39.61053234  102.7124418  63.07698561  231.7622147  16.67571377  97.89158788  228.5359417  53.59573565  541.2239798  50.59299311  21.44989433  263.2621364  
86.90589161  162.6270769  65.1369222  14.89473089  166.4450146  473.9345651  280.6125216  4.848967924  17.0692537  347.0719172  58.60706515  148.6261878  53.35412473  6.893612137  54.35139043  181.7339288  111.8215127  82.89633957  92.37895716  71.09055787  41.8248616  155.0407399  149.8581616  57.15665407  25.33175937  6.179732979  116.7387413  49.60506184  132.11504  125.4063228  59.51838626  781.8602215  97.16684476  15.71540163  225.9496833  
111.967143  125.7636674  83.54344623  17.6049229  113.7901394  488.7479073  354.9883619  1.1942987  11.55422032  426.6496417  55.67657009  134.0113936  1.689861671  3.810244619  80.25815716  196.5602887  52.10936273  70.42714784  90.89477577  29.37850698  22.01221312  196.1364565  132.1160656  108.225938  43.67491469  18.75434748  31.13786567  65.03354033  106.5558033  45.33536167  144.7655342  655.9290191  122.248213  15.9785959  214.9811131  
129.5982006  106.5126962  82.12740841  21.21975514  78.09256694  526.8325217  390.5373851  21.70909322  21.31866556  456.3762455  30.15431123  113.8225634  71.35504212  8.248294008  88.31282555  75.32732367  84.19349914  51.9905942  73.0157553  39.65959632  3.119988233  271.8553165  80.19412987  121.2203863  50.98598582  67.44167594  9.29412366  91.02855577  50.47006414  37.51067016  267.3983342  370.7826961  81.53172601  8.727877756  235.481  
117.5195588  113.4928392  92.12279638  26.33619989  56.21379536  509.2682493  347.8321114  111.5386704  25.48590578  449.3365512  15.19375009  108.439359  218.9257142  43.39079003  75.68922994  5.031599376  131.5915312  46.7848858  48.77530789  62.09258555  28.07237078  362.8769931  39.21544859  86.33188181  10.68751134  91.67444441  10.59196678  158.2248584  19.17071187  51.71329059  332.0037462  253.8320705  18.43266981  0.03422327229  189.4941127  
108.5969994  124.6460347  114.5812665  30.44003068  32.2704219  383.6383907  252.6500883  288.5678239  12.34059889  397.9972374  20.14527854  109.1665459  236.8781557  63.92079418  49.82654944  130.5655067  103.191558  65.52375139  16.25329475  40.36288401  167.2046115  404.5380691  22.39626023  33.2339912  24.92458721  72.96684721  41.98589407  221.2331824  16.31846622  42.64246248  267.9189907  317.7642566  5.008534418  13.78121277  72.45666038  
120.828333  125.0582216  134.1057675  27.83383786  15.93794979  196.7554072  169.0082898  469.8482144  10.55306923  373.5497738  34.46306304  94.43691931  98.60246401  33.02225849  28.47987651  323.3991172  35.65553791  87.84708172  0.9394290274  9.325043188  379.9089558  343.4681315  18.58662529  1.600358986  120.6419399  53.72086523  94.17988343  274.6359579  38.52057296  23.06156683  119.7505198  372.4054954  18.07364064  44.4043554  24.97727404  
136.0359784  128.5826627  131.4217205  28.39956217  8.315301788  67.94884244  148.4078152  503.312952  56.32102652  388.01762  42.95302672  56.34595753  10.81726323  21.40881204  29.50218347  341.2103473  9.802318011  80.67272345  6.812695887  10.98727381  530.5571137  205.3183838  64.04826388  7.64796682  203.8533832  69.96790285  136.5827448  328.1302683  88.68800895  21.27243748  16.11590179  326.0856354  9.610070517  57.89592963  85.39055069  
142.2898815  141.8170798  108.0358404  31.53446486  9.366715715  47.51754517  166.978856  369.6665207  117.3026649  396.4788495  46.65643712  14.66874791  58.09958412  98.4071005  60.13078881  196.1352965  20.26419524  47.1564481  5.773019855  40.18791825  500.5936135  63.56586594  185.5344891  23.95746219  251.1121401  123.0066871  142.3675927  378.1189116  126.5471106  15.67156663  21.0764124  232.3547549  6.121858135  56.26080258  136.8803691  
158.5985083  132.1903877  82.603281  36.91711499  19.34056883  127.665719  190.5009174  269.9393058  121.0397987  316.6599807  56.82013044  1.983388677  79.67880866  207.6510608  119.8329406  72.77574662  31.21847957  26.50066122  3.36708947  53.56091048  310.8700222  2.975131508  286.7946908  20.74256903  312.0251906  150.0469762  95.11167591  405.4584169  109.5715979  18.22344839  67.77470204  141.0248746  35.26487347  93.82950526  154.3389579  
195.0083272  93.08310885  76.44031044  26.67649974  35.94372623  206.7599811  189.9359442  263.6796738  75.51877425  152.0357459  75.76133951  14.98822696  17.27125403  263.6954616  177.2205197  67.76991038  18.94493919  35.87974848  27.01119231  31.71810934  123.4223966  14.22745908  304.0107777  11.17634657  309.2793377  91.32678414  23.47173122  395.5547433  80.62079502  116.4882835  118.5620092  66.95089614  40.34814527  178.0685416  258.3654908  
233.6154625  41.22191051  94.79582725  14.03243178  47.52573074  217.3439341  139.526246  277.0754324  35.90857472  29.67875368  103.6367283  17.88377032  32.43324222  252.7579698  215.9399543  110.6923574  3.396099834  83.77435441  72.3384043  11.86465863  26.430102  14.30947645  253.634513  26.94168531  158.5571915  15.89501198  19.88591924  366.4290118  90.31925409  238.6029232  182.7013162  24.97153277  10.39045645  238.7105879  406.8275093  
234.0880485  6.648870933  121.1947008  22.47891995  47.94821949  168.931462  82.19655244  312.7244423  57.42768752  2.317494817  133.7545349  9.062443688  225.0456807  204.4141631  248.8441104  124.7548247  9.82355492  133.6734968  81.86623492  1.232662733  7.627383562  0.2702193628  182.2766234  38.97822431  9.180151091  25.51476963  110.4614202  343.8647874  119.3944476  245.8309468  208.0786724  8.386069051  5.260828595  196.9837863  386.5687268  
205.6318219  3.054134083  152.440415  87.0467305  60.3731338  95.97770496  49.64454105  353.577008  104.6950604  33.57072724  148.6742767  10.83964293  435.672741  133.0983056  235.7799277  133.6356246  31.64049022  157.1224342  42.63748365  4.714791745  6.318808498  60.71524284  121.0256019  21.72729672  77.4398206  133.6453625  174.2268612  331.7724165  124.3636028  142.0899599  139.1609683  2.841092893  51.41410588  70.04286139  163.7190136  
164.8761204  13.88364538  204.4426829  157.6207922  98.0981651  41.17304378  53.86103027  322.0141767  147.9254603  62.32742658  156.3657773  33.69862161  455.3571749  70.79573368  148.5403166  152.639811  45.25595154  132.5544313  21.75473874  36.37757992  0.00514144312  235.0830953  59.03221688  48.39637228  279.2588363  257.6062682  107.0141051  300.9991909  105.0632713  42.58517931  46.51814625  22.93681092  81.05942511  1.907926094  53.61333187  
139.6082032  21.86818494  259.9020729  211.4703982  122.0939166  13.13015893  100.3591913  200.0819914  194.4590348  73.09481051  169.7925676  58.53647104  282.3492362  32.51431052  37.39350331  134.0203315  44.37651224  52.61859313  25.68321591  120.9606001  19.06420768  395.7199228  19.58980352  188.3354152  300.1123696  314.4247343  13.69556805  229.6162967  82.3861391  25.12789738  41.61549821  67.08927612  56.50035205  40.30283264  215.8275303  
143.3363307  24.20313293  266.4725478  208.4629131  142.691575  13.06856248  149.2106491  63.591523  258.8737722  75.19369604  203.8624541  52.08637149  117.0614813  15.42774227  2.988039187  66.80644732  35.35416306  16.78367636  33.6450923  231.9297862  86.88528313  408.921318  4.769720881  367.5049367  106.2202746  300.4341671  13.42037435  138.7612925  71.32687402  31.80656769  95.91810896  94.74896545  30.34708788  77.15398204  379.8951481  
155.4308889  28.45102223  208.9565497  178.8992944  181.2003419  17.74899566  190.8536291  3.630878332  323.1817784  84.73261387  234.4194021  43.06088046  126.356685  23.28896548  58.39694271  17.8002917  28.66504475  83.3693835  61.88300851  284.9381486  150.5078094  302.1363408  0.2022698941  390.8955953  1.035029279  246.2420814  51.38410136  64.80586726  74.79836246  9.736020802  96.90205041  86.16319813  39.80173132  47.52119525  327.3991987  
164.2433388  26.50082858  133.2364447  165.5719845  260.5054233  13.15505405  203.4190803  4.415026574  320.4260878  90.60571694  235.1191186  44.21533498  229.2897881  51.25991795  118.8015811  18.97411283  36.93127013  230.2976208  127.1227878  273.7433055  134.0118706  180.7294139  13.46765849  235.7661756  84.56585263  172.3909566  41.54455232  27.2509007  92.62517654  16.78011904  53.02026849  90.04627609  72.6241178  9.056389863  173.9840997  
157.3499363  19.29925778  95.84247879  131.848228  346.9894457  19.71872113  156.9134445  13.42051316  260.519066  81.47298638  254.0070379  38.91137007  248.1284641  78.6659047  112.0691674  42.17338441  56.72376704  317.6732911  192.1549371  225.8586575  68.44439853  103.5834241  100.4066029  112.7694401  163.7302572  93.07441225  61.75380504  17.93700068  106.9735332  116.6703519  69.06009914  138.3297865  93.69728632  54.59325263  141.8687321  
156.0587643  21.35925975  79.38097815  97.28444779  402.3021503  50.983299  94.62507042  68.28932528  184.8830592  68.16401043  300.415115  16.66898868  168.7162067  80.85112335  61.01969274  39.75929647  69.44107465  260.6607123  183.8780425  182.2896467  13.30444496  58.3847578  267.2720405  117.0613969  109.0296871  29.50234445  232.0644955  24.29318292  90.38441371  216.6470893  150.7716515  174.4378073  79.6846699  129.3419072  170.7264518  
156.3442925  49.21331223  51.28648177  73.87024369  452.9740051  70.35801004  55.23685667  218.6919291  123.6075174  41.89703359  360.9724509  25.44502533  109.6338156  51.97910223  32.34825675  17.30217977  71.37975874  174.7858059  88.58359892  173.8832474  9.711268581  24.32186981  397.7231983  145.3779785  38.44385885  8.453102644  418.4857691  42.2853594  54.4187175  215.3747182  201.1754584  141.8970514  61.82369741  114.1848528  106.8096455  
142.7712558  83.17853966  30.9694958  63.01845721  497.8373411  45.85281044  68.92684831  374.1934588  84.00419546  13.22319769  368.543345  87.54655082  72.73673109  58.19684249  35.08029693  2.49246663  71.66470981  197.976998  9.907673706  147.1011161  82.93359813  8.169594916  385.4882502  108.3744138  50.65133109  55.66925212  390.3731604  70.67878583  35.33443973  162.1360365  187.478749  74.27628842  94.97562053  82.41797921  15.32361602  
124.4611577  87.99852707  61.56164318  102.3019307  426.3158841  3.852735022  127.9125076  386.6117738  60.8112918  8.374935757  285.5767499  155.4947557  37.06755791  114.5307333  33.48899899  2.119186868  58.32802324  274.1877578  68.78054019  79.88640976  224.0305501  15.58523892  282.8775672  45.9022643  66.81352497  155.6972601  195.0866313  99.88057076  35.44177434  156.2392041  111.2629477  22.85611503  201.9280455  174.6796788  6.459139538  
124.0262489  74.02108219  137.7088869  180.8699654  247.262251  15.86707843  155.5152807  249.4911221  52.22715553  34.74774444  192.3444435  142.9008473  8.826651387  167.6002718  15.54728726  14.72856557  33.04409015  272.7186533  283.3244272  12.00545484  359.9543574  26.32244818  199.6300348  8.101641271  61.98594408  187.6357163  85.66746264  109.7684726  25.45880393  202.7725518  18.00837378  9.359211606  304.855139  322.3390203  37.27656705  
128.4597206  73.21819864  212.5254858  240.7889154  104.7397313  85.98759567  113.3361961  109.080945  59.29038291  61.01956265  133.3552899  82.03417455  8.250436689  175.7003851  7.079044528  43.44815888  61.46855491  199.5697038  479.1643714  12.13545546  381.9074008  19.71095793  160.3144116  7.220923642  128.8102422  112.9743717  116.3643587  97.69442178  3.683891239  228.311828  11.88298689  63.82451344  312.3563166  331.1920217  40.97153164  
112.0692935  78.00465405  242.8711922  281.8595024  141.0675514  158.690275  67.02466039  37.73423244  93.62819335  57.06767882  94.76557842  49.18748609  51.71831485  135.03674  10.869797  90.94203443  192.8278999  88.00098346  406.1486345  91.97605459  241.9505076  8.380123735  121.1189137  107.0698405  250.217078  22.68949601  178.6846099  73.7321488  14.40569015  167.8171428  95.88392071  168.1691747  243.9769353  190.12527  23.84271593  
86.37426611  79.16206879  230.8096336  240.7601862  290.2906582  175.9779433  72.5123967  46.05002766  159.1372548  40.76354403  46.33015252  44.65883834  108.2319417  83.17787091  22.49583227  169.798105  372.8959067  34.55179943  159.5262885  185.6561459  63.45224968  9.422146346  65.88534407  297.724977  271.4163731  13.38145387  229.897473  39.76411827  70.86671321  61.06378381  135.2072013  200.5119064  182.9421825  55.7161822  21.51875871  
70.95636419  78.82085782  184.6002396  200.4470245  373.3500917  154.8130394  91.33158211  84.13605145  238.5626501  35.22977994  43.0809566  31.5648148  133.3689438  52.71543769  70.88614275  302.8618272  422.4302871  64.20074308  7.009657121  261.9129605  28.25519021  24.40235356  24.29580177  396.81747  162.1811501  84.31114153  253.8032345  8.219933137  104.3841698  10.39278019  64.94679046  124.3091954  158.2177736  19.39544736  20.56954042  
90.12741689  72.65592105  131.6005733  152.3922734  374.8550997  104.2109363  75.70276052  119.4995877  287.9061546  33.14093627  146.0737295  9.787927705  119.9130073  60.99958432  172.7182935  467.619914  267.6707384  65.83128269  72.31762442  297.3505215  132.921834  35.08431127  7.159264983  260.6789739  82.10458575  89.0816069  218.2717032  31.54103562  87.64065062  73.91777177  8.169763506  29.53757893  135.0681818  25.73029424  47.15279602  
140.9366565  39.74429117  97.75324629  101.3853877  309.7927666  41.10438205  30.3066118  121.9095081  262.5570158  27.77023283  286.9085264  27.40614491  92.89218067  85.87897527  242.4164819  539.366464  53.38922294  39.57301226  223.1852006  250.9961484  258.1393568  32.45672828  4.449632239  44.87369816  68.53685588  15.6968653  180.5305117  81.18559916  53.17271883  264.3355062  71.54088559  4.069231957  88.01822062  9.285553255  124.628365  
187.4832301  10.06043585  72.05077538  123.8236689  237.9970806  5.82553893  30.09651253  110.2590865  186.6003162  21.07526682  322.8653253  93.98905727  74.29333065  72.13938427  217.498106  443.9915151  14.96331579  25.60393168  211.8562141  178.06917  254.4884402  38.49696809  12.41989967  59.94618859  44.38313592  25.00164048  257.0008824  57.74406123  27.67401713  443.9699023  191.1713723  41.24786004  35.49406202  4.452575856  189.0465388  
208.6869105  24.07979578  42.77106274  204.7889183  151.3252159  3.636428394  73.12422597  130.9185082  113.928739  31.69241451  239.812678  124.2629034  77.49110643  33.36126343  100.4241113  256.0612642  169.3838723  24.88300778  96.39455223  172.1582577  139.6630694  77.12921633  41.42530378  267.4103823  7.193732743  122.6730619  415.5421176  3.355252123  11.48303198  415.3634819  174.2138977  66.32559327  48.56357143  39.50130478  158.2102393  
193.581895  73.23090442  11.06263319  276.072521  67.981189  7.855448711  86.67837926  219.420934  71.50751926  66.93517446  161.7042651  75.09480237  89.77380113  40.74144086  7.963827352  183.1206958  309.927889  18.65023771  19.11954768  200.2612723  50.17684537  118.5871916  109.6735205  373.8558878  17.20657244  155.7084409  479.0216694  45.50231732  16.44829981  217.1699294  47.42621163  64.80158093  181.340511  71.75107879  79.46094227  
161.4823582  108.4269357  13.60134636  277.922842  26.37891889  10.20846994  50.17650425  293.3192278  52.73429347  99.35077339  144.3566938  15.34524183  98.36694719  85.50792778  31.55181071  274.2210267  280.6428426  11.68630949  12.11133701  159.6882621  47.13587115  125.399609  209.295274  265.812649  33.44291608  83.29248778  373.3661424  216.006749  71.97448743  63.94843084  36.00012595  87.27183656  340.628496  62.6494587  106.9740632  
124.2414714  131.9573621  35.88714109  262.2214579  14.81178976  31.64091591  27.75753195  296.2785874  38.69680277  90.13751717  140.4613436  25.66220932  109.3294908  89.72485879  115.601206  381.8734457  146.8455138  3.695733604  11.78685095  50.37979804  78.24372564  119.0198202  298.5879565  132.6709999  6.580287087  12.28617266  178.1734588  341.8305624  213.8742418  114.4527203  266.3128593  142.1860223  364.5360127  18.56836701  222.1497915  
91.64491281  160.4099598  51.33492743  222.3696556  27.13852463  69.89714226  68.59874367  243.7787758  20.54442935  53.35802286  92.59846265  122.0267634  145.7074882  75.44542246  148.9078652  370.7124263  66.40422179  7.421194937  6.832496893  50.12039721  76.20274474  88.48782582  322.121483  125.5590504  19.04022688  1.782996368  53.4532878  272.9961241  401.5854228  252.6294883  526.1678329  140.8159435  227.4983531  16.76309872  221.2819383  
75.41817048  170.5922928  64.92843261  201.9238844  66.84797506  92.58062387  117.1294692  186.4400066  4.265738465  15.58073025  33.23466801  265.8363794  190.7572412  171.0834069  95.086224  248.4061393  114.0292251  67.32422382  41.88250524  244.5293249  46.69530487  49.1078809  263.059149  130.8591553  123.1077673  9.807389134  33.04247529  93.33184572  474.8312151  231.0132407  540.5315684  69.24469649  77.23359519  86.81417731  69.18799853  
97.18023061  128.0301744  101.0499148  197.3389379  106.8867265  75.59370212  99.4666666  143.8088619  0.6641980605  1.441008388  27.86562062  379.8967706  166.005127  392.027743  42.22752805  132.5495647  274.1854176  196.9945331  81.39454139  404.1102959  52.81339604  22.92446024  165.4771788  38.52095092  162.3508974  16.85455859  17.93554119  11.81265829  334.7033358  56.82425603  340.1700966  26.29576602  65.37555298  167.2175628  1.157951809  
142.6161121  52.71633873  146.9910995  201.6690092  99.58764749  47.52444596  34.93766279  85.56220934  13.30319971  13.90196798  98.85992173  368.0772973  80.98878265  548.3673715  51.78311823  65.20949109  411.0222698  339.2011099  95.15395141  308.5826181  110.6694186  53.887635  90.90920662  11.39856095  56.39367949  83.37107295  3.04816655  62.1421773  104.0178863  24.27712375  106.1548376  39.55129826  121.747182  217.2835614  58.80151913  
158.3537658  37.50752024  155.5990386  201.3540127  47.73521931  45.54953937  0.3884613042  27.37701663  35.56263038  32.64545217  179.2663334  265.3375965  56.02065875  513.1527155  82.48538414  37.82297662  392.86784  373.938605  118.8080797  79.1688926  156.0945451  171.9903808  58.79291818  157.8877976  16.01497304  204.173012  3.068727155  97.69747653  0.4839105672  258.6125269  6.565311229  57.92296065  79.78468213  214.964079  72.73955765  
129.3774665  65.78285465  126.2519863  257.7443426  35.52245343  69.23795841  19.44520513  2.699442951  50.67977361  51.81982528  195.6139228  146.6487019  147.8159888  368.8702544  30.77162967  44.27225893  219.3928216  261.995613  194.8409891  10.04026646  126.7308322  321.5870912  65.40811391  286.7127096  231.8542425  254.2655395  22.38076979  97.49380941  90.46134731  476.2412728  6.497971375  52.91743419  4.973773252  170.2464931  14.59136103  
108.6806317  58.13686063  100.5422835  273.9536941  84.37643834  97.53072451  49.07625921  3.681473536  70.27931339  81.64402038  168.3717964  87.16278091  255.6797314  237.3358246  12.81146498  78.35719962  78.40618315  80.969897  251.3367597  165.7904292  63.80614774  379.8611186  81.00287875  198.7717751  491.0480852  190.8704315  75.91401538  138.6194478  259.9824579  377.4752214  44.16810425  54.44314387  58.58398757  122.978732  20.73876818  
127.9610435  25.77809676  103.7859668  220.7629605  124.3491181  122.3034568  42.68478373  5.188320556  128.1233997  117.1399172  158.128747  88.80631919  291.3584848  118.5775595  171.8585826  95.71926263  124.4967042  0.6265785095  190.4813079  283.5780534  49.17685276  274.8010033  75.48655534  27.0560956  437.1271114  167.4331268  128.4841672  167.0957913  268.5400759  118.6803154  74.38772676  87.89354893  201.8152422  68.44602821  108.9398803  
153.4126279  74.32207803  110.7700493  147.8344958  98.49994037  133.9312759  15.16038891  1.825702067  234.1105076  123.7470667  217.7991956  87.12048641  241.2854219  29.9374164  483.8358867  57.64283815  277.9533779  38.57456352  69.72411183  222.6122279  92.99008502  123.2850748  55.93448422  37.92277105  142.8091421  237.3364447  107.0859122  84.57040221  121.3157312  2.905673708  46.68924146  108.2454398  237.5380729  22.48989633  135.5462708  
138.8265182  205.5019998  91.27767097  80.99410354  32.82048221  128.7568144  0.8957268331  0.3690449149  371.964771  89.92351143  260.1185507  103.327071  168.0111493  54.54588669  667.4836903  7.921630896  296.9973371  71.78136596  12.73648574  90.20121367  126.6866043  22.54136383  38.22982315  248.4581238  5.844017306  276.5357612  39.96508467  0.4792787956  26.57893441  38.03881502  7.877436353  82.9270659  152.4433207  29.14615411  81.15039755  
107.3008928  286.0350095  51.90808362  93.55479668  10.77250397  112.059033  9.078774353  2.159699749  463.9570754  38.20354876  189.3341419  197.6121816  124.010285  153.0089389  522.6484828  14.62411879  165.1896201  41.86510424  47.14738825  17.20127285  99.8426735  3.902655208  21.56338796  420.2599448  199.7385004  285.1251631  15.98419451  84.44152918  28.0342347  62.5727869  3.81704491  28.44830674  91.11460613  52.79268589  68.71448125  
108.1618788  278.192885  12.58129095  119.3989045  30.47966266  100.6416835  25.52924648  13.65884037  459.6486078  14.95205748  67.5068796  343.1173037  98.12684918  155.1229826  243.704149  65.40470129  49.34823233  22.53280969  98.69300109  8.760513797  58.83275217  41.44031344  7.221650311  385.8706963  374.3214856  401.2187102  57.68942652  252.1246291  29.81323213  29.98719733  37.2538782  0.4162558559  101.5405871  57.83730345  151.1639931  
128.4239006  275.6062172  0.8575333966  133.1834767  47.52200834  99.49616552  28.23867149  41.49871997  392.948814  40.8560894  2.093372825  360.3153527  92.39808301  83.89775525  57.51023441  93.35186733  29.31096474  61.35851332  100.5684813  19.81804007  71.0274191  61.64274521  37.67135948  220.3512363  271.6935865  576.928787  92.04222565  269.4844589  2.665187312  6.374104483  72.86976722  45.25461384  196.5603579  33.66432936  206.9212589  
121.5289923  335.0035647  32.87598636  130.3537744  36.31340493  98.84874689  30.64264843  54.81734483  308.3513693  97.79394501  18.96049408  203.040753  118.7130487  153.3987956  12.09697458  72.94088026  45.48788119  86.24090102  54.34025239  53.44248269  122.7749848  43.28821126  174.88551  69.72828977  63.69332492  568.4336833  93.53933298  131.2887822  49.44085841  3.942712916  80.19109207  114.7463282  341.377557  13.61899544  155.3174387  
82.22234449  394.9799034  98.44562178  145.1516373  11.85335559  97.63677346  47.31395045  34.46911083  242.8823075  150.9119737  38.55410649  26.93669777  179.1424494  336.1443406  20.89651198  61.47099389  29.1003212  74.58398471  4.813516928  97.50601934  146.0875626  46.95967975  366.1018499  7.174625675  7.573305802  328.712686  97.24934208  39.52514117  202.1399393  0.1265448126  99.67180764  139.700697  359.7838551  25.22872678  55.12952617  
50.93041929  386.2358868  167.2647482  123.2584206  6.808709408  98.98344223  70.50794308  8.364353723  200.4432826  164.9749117  27.12318538  32.77292828  234.7823585  392.1869921  67.49021968  96.87830088  14.72316666  57.18107621  12.21969441  107.1110134  127.7232363  131.6549204  414.6381145  12.00078735  115.7747775  81.44335564  92.41734108  59.64424313  397.65517  9.690540019  130.3907355  82.22511452  179.5578901  45.90756119  0.682102689  
57.28682238  305.8148555  231.2373869  101.5742499  43.18135056  88.81171841  74.53524236  4.665729079  171.6969847  151.3590879  27.99974521  214.2541425  221.2071575  238.8892157  150.2433313  138.4941781  21.10445493  45.20694271  53.17552061  89.12668979  108.2021924  246.8818757  243.9644929  32.19079081  195.9905657  1.374197682  50.66788285  97.91243699  541.4822377  33.96590452  136.4798805  7.24255964  72.04639385  90.48264256  23.30230742  
84.6807106  201.7989611  290.7042313  93.88844031  84.80763045  56.87809862  60.99576962  13.7745295  140.8862665  162.3995826  68.67633036  385.485833  111.3893734  63.382127  212.8777587  120.9062628  17.49564795  66.07848662  49.38216561  53.0586158  135.9356119  277.9198867  52.19612405  39.83538556  176.395297  9.683854933  6.833163833  86.88094185  570.7213367  43.84024473  111.5287734  17.66814851  235.1970821  181.9425006  59.46226558  
102.941205  150.9950621  324.9638285  97.35183571  95.38685538  17.8929924  74.3531237  12.50546609  101.4519561  206.1766457  101.1999569  442.609353  13.81633494  10.47296911  190.7474074  66.2774122  1.439825954  189.0652878  10.05937565  34.05105878  202.9825782  213.4989806  17.52873239  41.59363098  135.2729429  1.373300663  2.75435145  38.742936  479.0327934  53.32349143  85.71529764  70.10306244  409.3451724  294.7872081  75.67161105  
102.8806351  157.567372  309.6320697  86.92956373  64.04422664  10.3952487  115.4565015  3.863970724  58.96162377  262.5983445  84.92323031  395.485233  12.46267749  15.7460587  176.2006079  29.15601257  23.91488949  404.0647016  26.97456431  69.38513611  198.3063269  138.1020234  92.05149299  47.84157177  109.1352951  15.75200608  16.42325132  9.862942538  300.6765723  80.92056746  98.79979468  82.63152438  271.6574382  399.125431  91.37462893  
92.4080816  176.1836156  270.9943386  39.73735171  25.13907724  44.20008114  147.5167223  0.06873149548  24.16053633  270.6013694  43.023686  330.0079532  47.99156184  29.23628907  288.3053496  9.160617925  118.910656  577.0462425  143.0466012  177.463527  97.79602036  92.0500194  132.5411733  44.53962741  73.9930665  68.4019058  39.13939267  12.82893067  119.5790444  70.52049016  145.7001105  33.60624074  46.6927967  513.803112  108.377195  
78.94448651  164.4737474  237.2429007  16.5659837  21.55679663  96.72483604  151.6861909  1.641451268  6.633322067  199.9724761  18.9055225  270.3965742  55.40936917  83.34781724  412.7849852  5.313676168  221.0851979  527.2130647  349.3615727  263.3246988  9.06637306  63.98319701  84.61975055  24.44617601  28.15046906  79.96875574  105.872904  34.57876922  52.4491502  7.05311246  179.7050659  0.18965342  72.13038642  621.0567381  100.3101387  
60.69262319  169.8092495  226.585035  57.22968262  34.30907747  127.2582351  163.9694512  8.797393428  1.447256478  108.5819673  17.99662013  181.3688095  70.31496237  129.9912195  368.9763324  14.28083221  288.6908757  280.2898348  673.9024227  208.1271255  29.76519972  29.34627754  19.89578735  15.55148165  3.491063907  35.96484894  204.5796806  51.43071687  83.01514656  44.42190584  149.460574  44.61181223  206.4526683  632.4680077  69.3461064  
34.00508295  213.2187747  207.1661096  137.4778268  33.74008362  130.5198303  215.2801337  23.18643108  0.9322109176  42.17659643  15.34886537  83.16061735  120.047254  93.17020385  141.4160374  30.80501694  321.3777797  86.80388227  1059.753808  83.00499654  158.0727004  4.527335021  0.4137432075  24.36390884  0.4062065571  3.910161636  257.86518  43.48483787  107.6399973  233.1992348  86.54833823  124.6454544  172.2679139  517.4114869  40.15026303  
21.97017236  252.9482638  196.6186845  170.4673493  27.61058008  126.3692056  253.8395857  32.02939219  1.075871256  20.22192742  12.04503087  39.93839044  147.4117631  50.35465717  0.8220137118  41.19407339  316.5624055  41.31713668  1232.215455  9.861536228  238.640152  0.2186073683  0.2612624378  28.79707291  1.072290678  0.007479548749  260.5470901  31.01530344  111.2916417  353.4630382  58.98357018  167.2392895  93.53899507  432.7389978  27.39510966  
