  1   1 0.03004091
  1   2 0.04423482
  2   1 0.01237229
  2   2 0.03018595
  3   1 0.00437986
  3   2 -0.01334075
  4   1 0.00449629
  4   2 -0.01161089
  5   1 0.01493756
  5   2 0.00501799
  6   1 0.01581544
  6   2 0.01231504
  7   1 -0.02384821
  7   2 -0.00656281
  8   1 0.10229094
  8   2 -0.01259371
  9   1 0.03263426
  9   2 -0.01455356
 10   1 0.07436450
 10   2 -0.02499630
 11   1 -0.03541792
 11   2 0.02065916
 12   1 -0.00022273
 12   2 0.03867171
 13   1 0.07110533
 13   2 -0.03311090
 14   1 -0.08415104
 14   2 -0.01102930
 15   1 -0.00735442
 15   2 0.02424991
 16   1 -0.02068446
 16   2 0.03068964
 17   1 0.01909102
 17   2 0.02120055
 18   1 -0.00451940
 18   2 0.01676350
 19   1 0.01069906
 19   2 -0.00569926
 20   1 0.01143976
 20   2 0.00020866
 21   1 0.06228664
 21   2 -0.00512489
 22   1 0.02488919
 22   2 0.02396036
 23   1 0.00112531
 23   2 -0.00460914
 24   1 0.02457800
 24   2 0.00440918
 25   1 -0.01497719
 25   2 0.01994387
 26   1 0.02364141
 26   2 -0.00074098
 27   1 0.04185991
 27   2 0.01983612
 28   1 0.00614406
 28   2 -0.01003865
 29   1 0.02192719
 29   2 0.00476612
 30   1 0.00302137
 30   2 0.01839568
 31   1 0.05867076
 31   2 -0.00437964
 32   1 -0.02109584
 32   2 0.00740667
 33   1 0.09573117
 33   2 0.00657877
 34   1 0.03970264
 34   2 -0.00481894
 35   1 0.04226959
 35   2 -0.00298520
