-7.782265475e-14  
-2.443550051e-08  
-4.87215487e-09  
0.00112468297  
0.003921899797  
0.00421882325  
0.002254237671  
0.01174857789  
0.0002448719482  
-0.003661704686  
0.004000402439  
-0.002058748191  
-0.004716734841  
-0.01084839178  
-0.003720818206  
0.003737020453  
-0.007995714778  
0.004976463827  
0.01067163843  
0.003941723629  
-0.002938307095  
-0.001794658369  
-0.001387490032  
-0.00295755285  
-0.004687159556  
-0.006817745649  
-0.008199702912  
0.009471332288  
0.002100045917  
-0.0004820942127  
0.003476101921  
-0.004443756467  
0.004915343566  
0.001627251955  
0.006479048373  
0.002628655065  
-0.01152393362  
-0.008729225014  
0.003828661928  
-0.009145645555  
0.01516532833  
7.46287227e-05  
-0.006677583266  
0.009199182043  
-0.004207819481  
-0.005098938633  
0.008113011724  
-0.0008141839621  
-0.005317736402  
-0.001884772655  
-0.001473624041  
0.001383667233  
-0.01246113199  
0.001976343345  
0.003121629331  
0.00753893262  
0.008893619056  
0.005531318334  
0.002690304305  
0.006055775577  
0.007218187792  
0.002302080857  
-0.002647389556  
0.005572965356  
-0.001821516937  
0.003422578885  
-0.0009880603131  
0.006835155543  
-0.004508506842  
-0.0008634571214  
0.00192426866  
-0.0007078855063  
0.005346199457  
-0.007997734896  
-0.0001104763513  
0.003311145347  
-0.0003403505426  
0.005243193506  
-0.0001630728396  
0.01200492448  
-0.004758222703  
0.004696497932  
-0.0009010143178  
-0.0002039922674  
0.01028743096  
0.00670772813  
0.009795370483  
0.003872033446  
-0.001805188987  
-0.006861071746  
-0.003627545284  
0.013434265  
-0.00129516637  
0.001827798457  
0.003032576495  
0.00363478315  
-0.0009154321992  
-0.002922625535  
0.002159840361  
0.001721717516  
-0.004381799431  
-0.005292071151  
0.01387968812  
0.0104326597  
0.006372704571  
-0.003218565978  
0.0007285739922  
-0.001671645661  
-0.000618837649  
-0.001433539411  
-0.008399570843  
0.007219845907  
-0.007632053695  
0.002629819764  
-0.008834559652  
-0.002782843372  
-0.005516862751  
-0.0009848365775  
-0.0002931495159  
0.005310876267  
0.003682357432  
0.01241346341  
-0.005396500894  
0.01117362211  
0.005701934039  
-0.001258959446  
-0.003121719681  
-0.0152601384  
0.004235304184  
0.005154350316  
-0.002757709842  
0.005598690768  
0.004774787492  
0.006574680256  
-0.00730710129  
0.00668202644  
-0.006903507672  
0.001221249247  
0.01049044774  
-0.007412492917  
-0.0009193091021  
0.003573708247  
-0.003961905669  
-0.0001843537203  
0.01199805701  
-0.01584631665  
0.005014238433  
0.002473068628  
0.002204526535  
0.005888543506  
-0.01371365938  
-0.00111385237  
0.0005788855003  
0.005512790859  
0.004072762045  
0.00234524041  
-0.01680333429  
-0.002447427086  
0.008836547384  
-0.006895203653  
0.0107045611  
-0.009753580935  
-0.02206046348  
0.007984583771  
0.001492956249  
0.006708206781  
-0.01147914027  
-0.001974017762  
0.0002163668487  
0.008867092762  
-0.003525601115  
0.002443513383  
0.003550754434  
0.002729487237  
-0.0005749685684  
0.006817241511  
0.001740445934  
-0.005322739804  
-0.008032964286  
-0.01066627715  
-0.02156753239  
0.01221275557  
-0.007892358565  
0.005257038159  
-0.01523663584  
-0.007708249208  
-0.001944613832  
0.003128822553  
0.00410386542  
0.003440455739  
-0.007863574805  
-0.004498719867  
0.004025263863  
0.009310332168  
0.008433666973  
0.008500910223  
-0.01262960907  
-0.006088228094  
-0.007489294161  
-0.005368857937  
-0.009519875855  
0.006128782784  
-0.006516237327  
-0.002136498392  
0.007720733315  
-0.0110182187  
-0.007689954952  
-0.005127540035  
0.0143370797  
-0.01460501069  
-0.005975891131  
0.0002887392065  
-0.0007048070963  
0.002534994449  
0.001729869138  
0.002338868584  
0.001211364023  
-0.007030000902  
-0.007454713097  
0.01716061294  
0.001938778794  
-0.006394227473  
0.002365426909  
0.005513751984  
0.01161946916  
-0.004273697322  
0.009353428332  
-0.002423675662  
-0.01060426442  
0.006757682613  
0.005415200515  
0.008987877481  
-0.004017121841  
0.002652239087  
0.01361998285  
0.01073392865  
0.006879476862  
-0.006725173642  
0.009262471721  
-0.005473785523  
-0.007711243833  
-0.008381148901  
0.007044531088  
-0.01047085772  
-0.0007427304213  
0.006769729784  
0.0007304470874  
-0.001687379834  
-0.002071007613  
-0.001312304319  
-0.01039457608  
0.007663827162  
0.00447552453  
-0.01225499238  
-0.001160635592  
0.00802900273  
0.0200763433  
-0.002106215814  
-0.007387852041  
0.001394588102  
0.009259185422  
-0.01593538333  
-0.002200894693  
-0.0104168194  
-0.01020252844  
-0.00392837778  
-0.01461159993  
0.006585737138  
-0.0004101391938  
0.01057866122  
0.001167999713  
0.0004232790002  
-0.007190386754  
-0.01533228336  
0.00296016769  
0.004383056734  
0.00590921942  
0.01296277561  
0.01231423783  
-0.01269300444  
-0.0008445543135  
-0.010255203  
0.002053305481  
0.003856220441  
0.01965784317  
0.004409833763  
-0.004692282399  
-0.00935450773  
0.01937994506  
-0.004379153933  
-0.006777254969  
-0.00961099156  
-0.01422091667  
-0.01889538342  
-0.0117893553  
-0.009947543649  
-0.006257948859  
0.02064873149  
-0.003890022292  
0.01428762639  
0.02757001524  
-0.01057713244  
0.01770919519  
-0.01700305716  
0.001290298685  
0.01392950679  
-0.00676817521  
-0.006032931528  
0.006285828109  
0.005375223092  
0.0157443626  
-0.03020296059  
-0.01646098865  
-0.003247426793  
-0.0001482012177  
0.01782199293  
0.01250496043  
-0.01181077003  
-0.01641232861  
0.01014448146  
-0.002824367732  
-0.01400387775  
0.009747512206  
-0.009804835703  
-0.0255806178  
0.01180599914  
0.02046686118  
-0.01609899988  
0.008643507826  
-0.01658070764  
-0.0055570991  
-0.0004254238747  
0.01514000581  
-0.004037721634  
-0.005223729385  
0.01868560211  
-0.007371023202  
0.01362290162  
-0.007198904369  
0.003268825869  
-0.02784666724  
-0.007770798931  
0.01643544335  
-0.0196351943  
0.02868847787  
-0.009259817078  
0.008527563335  
-0.02441445654  
-0.01544581688  
-0.005002021765  
-0.0166055166  
-0.01183866602  
0.002140932274  
0.001126675195  
-0.004783104391  
-0.004186885902  
0.0008304046663  
-0.007015593563  
-0.0003117593313  
-0.00917172843  
0.0006523287319  
0.01974204638  
0.00337536268  
0.0129724296  
-0.01997846367  
0.0003935222719  
-0.004087101637  
0.02336705829  
0.003468448563  
0.008266934756  
0.0055560594  
-0.006563617628  
0.004957647457  
-0.01616559496  
-0.005373218619  
-0.008991872553  
-0.003087227698  
-0.0001046515917  
-0.009095453044  
0.01141359394  
0.001956338279  
0.008790347677  
0.008073395792  
0.02544719483  
0.002939589743  
0.003158073071  
-0.0162334618  
-0.003903915697  
0.0290323346  
-0.04833379983  
0.001170030812  
0.01229500384  
-0.0112690413  
0.04313913563  
0.000845384531  
-0.01395481781  
0.01997273157  
0.007415768081  
-0.011957843  
0.01173880641  
-0.01921774748  
-0.01599232771  
-0.02879925977  
-0.01036807027  
-0.008046978754  
-0.01857877441  
-0.02230680501  
0.02472141807  
-0.01134807163  
-0.02111233638  
-0.005211827747  
-0.01558527259  
-0.04358999771  
-0.009451046172  
0.01517008127  
0.01326465971  
0.03871047578  
-0.03604338142  
-0.02316418914  
0.03634909392  
0.02631575827  
0.04396290921  
0.03298457242  
-0.02384155597  
0.0005872959758  
0.01923500167  
0.0132284937  
-0.03518863949  
0.007252820282  
-0.00995974496  
0.04746254957  
0.008105637306  
0.01489353946  
-0.02367483939  
0.007357240541  
-0.0786587799  
0.02566521832  
0.00505283875  
0.03178424357  
-0.007213120695  
-0.05436397482  
-0.06121125895  
0.04642211563  
0.03961291179  
-0.09581278539  
0.07196666408  
-0.03810472424  
0.02702156855  
-0.04229246254  
-0.09147034018  
-0.1113604268  
-0.02370551809  
0.008270767561  
-0.02514610338  
-0.01587691062  
-0.1151150697  
0.01925049753  
0.1673440055  
-0.07989883817  
0.05376122237  
-0.02443138997  
-0.06512552876  
-0.2139518625  
0.09285926796  
2.281908901  
-0.1348972085  
-0.406211873  
-0.4736826433  
1.581683109  
3.27414508  
1.371125778  
0.09552382543  
-2.455553272  
0.7196433981  
-0.8497327353  
-3.168702766  
-1.019636473  
-1.464268328  
1.547597634  
-1.76378282  
-4.12529165  
4.731920885  
-2.323565914  
0.2637264811  
1.323553607  
-1.552353934  
-2.15940738  
-2.300348513  
0.7552902985  
3.147567029  
0.1689603214  
-7.501793583  
-6.775089263  
-7.493079772  
0.08231254468  
-4.004506087  
-11.28687467  
-5.094696854  
-7.715275575  
