-4.997173437e-13  
-6.829081478e-09  
-4.319865084e-08  
0.001723634131  
0.001683763321  
4.575230621e-05  
0.007021172991  
0.01014779608  
0.003927741749  
0.00389331908  
-0.002978873617  
0.001170289012  
-0.004174111552  
0.004288470436  
0.001665723474  
0.006255429726  
0.004769764325  
-0.0009826506579  
-0.002380973701  
-0.00630626036  
-9.915929535e-05  
0.0007683531379  
-0.005646305854  
-0.004991120732  
0.005030413845  
-0.00179226667  
-0.009983878913  
-0.002756383559  
-0.01161906303  
0.007714261455  
-0.003657830324  
0.006385234025  
-0.009080857183  
0.0008245873499  
0.01208132555  
0.000479799501  
-0.004656115898  
0.0005867261701  
-0.0001266061861  
0.002818848837  
-0.002516635779  
-0.01009071283  
-0.006126341643  
0.004273223749  
-0.002019374239  
-0.01197499224  
-0.005952759625  
0.004536695538  
0.01078366511  
0.005936483364  
-0.001562757557  
0.009483506235  
-0.002160285082  
0.01118318526  
-0.0005520681587  
0.006027929743  
-0.006155193947  
0.006926252895  
-0.006178858799  
-0.005136384793  
-0.01346153952  
0.003041677554  
-0.001964452275  
0.00322776291  
0.006263637884  
0.004675554979  
-0.0006782974312  
-0.01013947088  
0.003578821067  
-0.001274766707  
-0.001746182946  
0.001095522673  
0.003005501819  
-0.007621850942  
0.003760501541  
-0.007835657208  
0.00853902759  
-0.007474701572  
0.004639849561  
0.01462681978  
-0.008812789573  
0.001063267008  
0.003794941178  
-0.005819321151  
0.003272717996  
0.008271381445  
0.008089763879  
0.009721567715  
0.01071749398  
-0.01130548207  
-0.002570839686  
0.003967002291  
-0.004164484424  
-0.01221628929  
-0.008180120576  
0.004400954651  
-0.003406697503  
-0.008479262028  
-0.0002807082019  
-0.0009111217826  
0.002776828044  
0.000469050486  
-0.005035326068  
-0.001625341431  
0.007493315537  
0.00296078528  
0.006284541276  
-0.006648477176  
0.0019943007  
0.003171117525  
-0.005252223338  
-0.0082814035  
0.002551862718  
0.0004510753599  
-0.01047119974  
1.124451081e-05  
-0.004690056376  
0.0003054863921  
0.0008743926845  
0.009757988191  
-0.00298702413  
-0.004732981001  
-0.001489809405  
-0.01082890913  
0.002612550249  
0.005925754936  
-0.01149672683  
-0.001426250036  
-0.01227302093  
0.01949336975  
-0.003604845313  
0.01143234022  
-0.007438338236  
0.0001002981725  
-0.002471437396  
-0.000305089573  
-0.002571125587  
-0.0008668480571  
-0.005763421265  
0.006787838013  
0.007131105241  
-0.005788787861  
0.003980925894  
-0.008663954665  
0.005771301651  
-0.00194199951  
0.008908478387  
0.007247400003  
0.009202901813  
-0.008841002115  
0.008835659343  
-0.003698259417  
0.004477747786  
-0.004628309994  
-0.01061080676  
0.003989892195  
-0.00557692561  
-0.003285285377  
0.003816319577  
0.009393129219  
-0.01242734618  
-0.001966325865  
0.01140883122  
0.00223701862  
-0.002456510289  
-0.001430865971  
0.0004715197458  
-0.006893364164  
-0.001925593591  
0.00780401303  
0.001198956471  
-0.0007768448571  
-0.01462206789  
-0.002506297256  
0.001379226445  
0.001523804685  
0.006633098428  
-0.001787130155  
0.002101889509  
-0.001021751471  
-0.005955174309  
0.01510714698  
-0.01473083691  
0.008863706694  
0.0007481377033  
-0.006722110978  
-0.002265695144  
-0.002362776165  
-0.01716484205  
0.01338906519  
-0.001416525745  
-0.001178416359  
0.004006378043  
-0.0001809924553  
-0.01038523424  
-0.0002906855309  
-0.008671269147  
0.001243509778  
0.0007106149241  
-0.006877861224  
0.004278436047  
0.0009526303216  
0.004524112332  
0.004092838746  
0.003207902922  
-0.005362398304  
0.005471974558  
-0.002722678527  
-0.01465137988  
-0.002054984487  
-0.0006018453896  
0.00446786995  
0.0122026595  
0.0008859463792  
-0.01183450279  
-0.0007332870253  
-0.002390670917  
-0.009155226932  
0.004941580684  
-0.003869475069  
-0.01468187284  
0.004734779544  
0.005655625618  
0.005634885584  
-0.001153874392  
-0.009957363274  
0.006442980178  
0.004590385693  
-0.001692644217  
0.002621382275  
-0.000135440604  
0.006457222748  
-0.005882210317  
-0.006860346437  
0.005798601514  
-0.002332217235  
-0.001412246499  
-0.00435023837  
0.01904032118  
-0.01036639505  
0.004906102749  
0.004160083717  
0.01399007038  
0.002288338127  
0.02215226729  
0.01255223545  
-0.005548778065  
0.0008860069801  
-0.01135688001  
0.003489526205  
0.001075524061  
-0.01164127158  
0.004357206219  
-0.01420967179  
0.0005411841313  
-0.006214841721  
-0.003158369448  
-0.008258611671  
-0.01377649584  
-0.001261475799  
0.006392629398  
-0.01261263211  
-0.001293172659  
-0.00853324436  
0.005966418212  
0.003917502805  
0.01322165777  
-0.0158981568  
0.002027358746  
-0.01069338267  
0.02053224596  
0.009972282511  
-0.004338490686  
0.005211836469  
0.01165225626  
-0.0142782923  
8.465204309e-05  
0.005366927943  
0.007443702108  
-0.007190111748  
0.00116462536  
-0.002407600068  
-0.008804093403  
-0.01605777818  
0.0001749010933  
0.002368221755  
-0.01161894924  
-0.007473601497  
-0.005377193737  
-0.007276508608  
0.002096817666  
0.006612447955  
-0.006413897159  
-0.008028076028  
-0.008222641876  
0.004467453415  
0.01386030884  
0.007332153507  
0.01219459007  
0.004355644388  
0.003117660722  
0.008479349773  
-0.005639477247  
0.01349993016  
-0.00298820828  
-0.01470182152  
-0.005794097094  
-0.008264400255  
-0.006754089965  
0.004194092301  
0.01072891306  
-0.00431627176  
-0.0171768731  
-0.004134862653  
0.001666011717  
-0.003658814188  
0.01353979664  
-0.01471303162  
-0.01307915786  
-0.00823926661  
-0.005477988596  
0.01261584485  
0.006225549354  
0.001971565954  
-0.01253721011  
-0.001518839265  
5.4371373e-05  
0.01005826323  
-0.02779970205  
0.007061017535  
-0.001718772746  
-0.01382799249  
0.000604918522  
0.01311201515  
0.00559646665  
-0.007886252705  
0.006900284354  
0.004125087743  
0.01287076081  
0.000759502051  
-0.001471380039  
-0.01673938612  
-0.008675317382  
-0.0004609811443  
0.01807515131  
-0.003972405884  
0.0006043722625  
-0.006318780755  
0.004981832649  
0.0005189041432  
0.001209254698  
-0.0134417489  
0.01604486772  
0.0001702841491  
0.03848705766  
-0.02123821157  
-0.0008661444001  
-0.01866648101  
0.0004841435401  
-0.004524496722  
-0.0207127383  
0.01228432712  
-0.007556335657  
0.01889477117  
-1.674903421e-05  
-0.006526023296  
0.01405468797  
0.0108972762  
0.002536321714  
0.003898068125  
-0.006415505355  
0.007152146413  
0.007896159414  
0.01116163703  
0.01180361562  
0.001249812017  
0.008311894372  
0.0226014642  
0.009637699819  
0.002456721488  
0.005945232815  
-0.01400999321  
0.01120205167  
0.01463714977  
-0.001862696202  
0.01054989714  
0.004015747587  
-0.01207629239  
-0.01846976722  
-0.0003944311667  
0.003448837245  
-0.01398958343  
0.008369193148  
0.0467299467  
-0.01848242548  
-0.01000745885  
-0.007600256703  
-0.005884872461  
0.005870849853  
-0.02075909089  
0.01490105786  
-0.003930786764  
-0.01083924703  
-0.009514158064  
0.01097478102  
0.008522308394  
0.02292764114  
0.007593444692  
0.007987290501  
0.01622630409  
-0.006475000461  
-0.01007235773  
0.01401525928  
-0.001426241901  
-0.007848605645  
0.00855838947  
0.03294660787  
-0.007344175962  
-0.02188608834  
0.05423182744  
-0.02570311427  
-0.04494178017  
0.001161669033  
-0.02457713246  
0.01719257737  
0.004415712243  
0.01899946928  
0.008371841614  
0.01753185772  
0.01911197068  
-0.01046859281  
0.02840589158  
0.03538896166  
-0.01386994939  
0.004177132274  
-0.005503297563  
0.03975180577  
-0.03619337046  
-0.001101903105  
0.0162970803  
0.02038763787  
0.01311680935  
0.02122603008  
0.06524484607  
0.04433430718  
0.02678324562  
0.03964574344  
0.05731283996  
0.01953031944  
-0.007847292109  
-0.03738784406  
-0.02207685127  
0.04286189958  
-0.01053576979  
0.1069083028  
0.07374825188  
-0.001935282731  
0.01658709466  
-0.05334636528  
-0.06570158605  
-0.056342217  
0.07163235013  
0.1153672687  
0.1239408255  
-0.8124604239  
-1.209246976  
-1.641175011  
0.7736986718  
2.518480406  
1.153117849  
0.7476556871  
0.101085324  
2.533162078  
-0.5101573719  
2.79522173  
6.83939903  
-1.237426904  
-0.05682947102  
-1.880035143  
1.229181837  
-1.049974927  
2.350459285  
-0.9143804039  
-2.792470105  
1.516983818  
0.06490804808  
-0.5332876916  
0.4741984372  
0.7879853792  
3.161812393  
-1.605587708  
-2.189608085  
0.5663388693  
5.74016019  
13.78462273  
-7.494207125  
-8.275719781  
3.434173661  
4.659013281  
