1.407807496e-13  
-1.897635399e-08  
1.359452516e-08  
-0.002306039451  
0.0008509137463  
0.003154146534  
0.001006940721  
3.851092805e-05  
0.008710481541  
-0.007762109073  
-0.0008517355034  
0.001414864591  
0.004889411369  
0.003008977959  
0.005126160357  
-0.001512063429  
0.004858675237  
-0.009420620989  
0.002873532916  
0.002544979226  
0.004104614949  
-0.002901416614  
-0.003546635548  
0.005443003633  
-0.002647628047  
-0.005570507972  
0.004087479362  
-0.00924110621  
0.005374158758  
-0.001858865739  
-0.004356608036  
-0.002063248511  
0.0009844617119  
-0.002690116771  
-0.007802623575  
0.002994224503  
-0.006028071247  
-0.001029392427  
-0.01435773497  
-0.004368667964  
0.004592698756  
-0.006161628646  
0.004544313066  
-0.003329290352  
-0.01244926774  
-0.003308709194  
0.01357674862  
0.005110545182  
-0.002503327498  
-0.01287648297  
0.007387212874  
-0.002763938629  
-0.007018947601  
-0.001941943145  
0.003959944318  
-0.00201865997  
-0.01264676351  
-0.001292390782  
-0.001497342008  
0.008990822829  
0.002097942622  
-0.006060251571  
0.007044156838  
-0.0007075428806  
0.009804370668  
0.004737470098  
-0.0008366954774  
0.00298797058  
-0.004811612107  
0.00762125457  
-0.007548420824  
-0.0006759308721  
-0.01032624734  
-0.003835017876  
-0.00818529322  
-0.01650834038  
0.001119240214  
0.003071577597  
0.002411656938  
0.008232083117  
-0.001146632468  
0.000351478357  
-0.004639496296  
-0.0004732655087  
-0.007376910488  
-0.009439471522  
-0.01041661045  
-0.007548226197  
0.001691243181  
0.00830130171  
-0.009758393856  
0.01676482846  
0.005706059577  
0.001186484278  
0.004633666233  
-0.005881454222  
-0.006523253316  
0.00271419299  
0.01732209195  
-0.01158460171  
-0.008578939237  
0.009738844936  
0.005654739722  
-0.00317207135  
0.008103428072  
-0.0007598562844  
-0.004312947355  
0.00857701888  
-0.004863930072  
0.001982515283  
0.0004885710152  
-0.003123948833  
-0.008147124162  
0.01762513431  
-0.00169019644  
0.002793270911  
0.0018525185  
-0.0086311479  
-0.006046889764  
0.007921493581  
-0.003263979983  
0.01033894526  
0.006277720682  
4.422260022e-05  
0.01327940874  
0.00740941375  
-0.004117810429  
0.00720943684  
0.01103223596  
0.001712584046  
-0.007910911548  
-0.0067699319  
-0.003518218809  
0.002774965907  
0.007208755765  
0.007053595463  
3.36668959e-05  
0.003780710403  
-0.002195010809  
-0.01036652132  
0.001446707616  
0.01216208899  
0.009799940774  
-0.003233230217  
-0.001658676427  
-0.005664126676  
0.007055720478  
-0.003602602768  
-0.003631097626  
0.01628346742  
-0.01312190028  
0.0001445488659  
-0.001334146091  
-0.00539180523  
0.009018558217  
0.006850523669  
-0.01332208403  
0.006249048728  
0.0138291986  
-0.01367977838  
0.01365592458  
0.005098128064  
0.003661317234  
0.008763966817  
-0.007529915969  
0.004610643395  
0.009603277031  
0.001222183962  
-0.01986547153  
0.00637038656  
0.001343508992  
-0.01458746353  
-0.01092190436  
-0.003684540363  
-0.009787545913  
0.0147239536  
0.002334335421  
-0.00904261173  
0.02026798251  
-0.001922112035  
-0.008492298637  
-0.01926838674  
0.007741887684  
0.006439800372  
-0.00518301671  
0.01938463759  
0.003385691183  
0.001971057647  
0.001260527404  
-0.004950057295  
-0.0008003616905  
0.009160996065  
-0.002396200464  
-0.005306351483  
0.005951143738  
-0.00196875344  
0.005996916412  
0.009942797566  
0.004961643089  
-0.003416303132  
0.00861525076  
-0.01752235684  
0.004904325396  
-0.005007656091  
0.01190359692  
0.009767665735  
-0.004826970055  
-0.006478806386  
-0.0004766755594  
-7.475345321e-05  
-0.0005906815058  
-0.008295020062  
-0.01655693166  
-0.0005641673057  
-0.03067206545  
0.0125854451  
-0.01207188314  
-0.0005511942444  
-0.00942549368  
0.001677181716  
-0.003108385269  
0.007921039402  
-0.01070560894  
0.01199540441  
0.006527826292  
0.008282170332  
-0.01720141833  
0.01172940184  
0.007908538698  
-0.003296232936  
-0.01739608312  
-0.002425717452  
0.008103327392  
-0.007753550677  
0.003415946673  
-0.006162304056  
0.009474149644  
-0.02260941001  
-0.01577895237  
0.009476815415  
0.01623686646  
-0.002685090952  
0.002811524958  
0.009480142344  
-0.003005892219  
-0.02106137304  
-0.00373172753  
-0.01875198547  
0.007027413688  
0.01002973067  
-0.002292167916  
-0.0004081144721  
0.006510460359  
-0.01224485971  
0.00489804489  
0.003919081044  
-0.003301664828  
0.003983372272  
0.01653255104  
-0.006858104755  
0.0007311975419  
0.0006226292983  
-0.004237258258  
0.005199960704  
0.003971247213  
0.01584275668  
-0.002539507129  
0.01159444313  
-0.02934836066  
-0.002365556512  
-0.009344814727  
-0.004864507388  
-0.01094403217  
-0.002449189355  
-0.002230434611  
0.02955131639  
4.892548444e-05  
-0.005799416075  
-0.02996151413  
0.009625706585  
0.005065392051  
0.01233554278  
0.01118595297  
0.01912637079  
-0.01208920563  
-0.01021120797  
-0.0004938780309  
0.0005547202394  
-0.003361964235  
-0.008509304913  
0.0183532099  
4.845819574e-05  
0.01444818265  
-0.007616177766  
-0.008024249278  
0.003475791189  
0.03338924579  
-0.01232403806  
-0.01069006572  
0.01092514061  
-0.0005415288879  
0.003975762363  
0.02539157074  
0.01060274338  
0.01631470281  
0.005559798285  
0.0168229125  
0.01752915262  
0.003233570123  
0.004729262817  
-0.02792382685  
-0.002776843499  
0.01586649406  
0.01014812304  
0.006701643537  
-0.01332987801  
0.008385460469  
0.0270456355  
0.01881253363  
0.005103396833  
-0.01810785597  
0.01296499697  
-0.01190242904  
-0.007167244591  
-0.005056361096  
0.01942588458  
-0.0005471664335  
-0.01583654556  
0.01314545926  
-0.003729170057  
0.01113891226  
0.00324532278  
-0.00993864572  
-0.01921563554  
0.001907283261  
0.001876891332  
-0.01122064728  
-0.01787542362  
-0.008236735048  
-0.002274141777  
0.01056905585  
-0.0005729673623  
-0.001523075305  
0.01976673554  
-0.002454833469  
0.01709559053  
-0.01619820765  
0.01067861421  
-0.004523117788  
0.01650155377  
-0.01655485886  
0.01055632315  
-0.01803335395  
0.01361309572  
-0.000408704929  
-0.02656474647  
0.02608629863  
0.008466617126  
0.00603615294  
-0.002175749771  
0.003574604699  
0.02106459895  
0.02054633318  
0.02620661921  
-0.0323659677  
0.006364196513  
-0.03297305292  
0.006372240436  
-0.005934619003  
0.01486752012  
0.01556429727  
-0.003910031805  
0.02807279435  
0.0128031726  
-0.01802393595  
-0.008965867142  
0.03121468719  
-0.03435396464  
-0.03069979639  
-0.001828650289  
-0.02995634031  
0.01697389493  
-0.017676778  
-0.02046515047  
0.004262179891  
0.0174430075  
0.0224477523  
0.03128270195  
-0.009245199377  
0.003504949225  
0.00548085847  
-0.01037935177  
-0.03541854002  
-0.01326791349  
-0.001783377295  
0.02665533182  
-0.02182595705  
-0.004166357003  
-0.01538884174  
-0.02367478303  
0.03001987679  
0.003174861469  
0.01637048975  
0.04853068766  
0.0473953735  
-0.01443590425  
-0.04190884477  
-0.05874367484  
-0.006293755789  
0.003254487484  
0.01501092628  
0.02711401754  
0.02084098532  
0.002084002141  
0.03465024382  
-0.02090289057  
-0.07978192925  
-0.04052346225  
0.00338053787  
-0.0430648825  
0.04335665324  
-0.006562513562  
-0.03655399626  
0.0535209151  
0.03326460114  
0.0004711618521  
-0.01701971337  
0.108700957  
0.04911008365  
-0.009553756504  
-0.06981218919  
0.008464161297  
-0.08183969925  
-0.09186865267  
-0.04317155677  
0.0272005941  
-0.05988491858  
-0.08054458054  
-0.03777981833  
0.008232419621  
-0.0276173041  
-0.05623072844  
0.09868568228  
-0.1041903401  
-0.06611974971  
0.06706323516  
0.01789314114  
-0.06674930848  
0.03862545785  
0.0007955817973  
-0.01721080937  
0.05513688214  
0.09015896658  
0.09862874693  
-0.1393715308  
0.117939624  
0.112916922  
-0.05438429647  
0.1857483293  
-0.02467642861  
0.07593429803  
0.1406750958  
-0.08860782031  
-0.1488277093  
-1.327028661  
0.4098282394  
0.7907731842  
1.528333591  
0.7895365984  
-1.191768149  
-1.199568168  
0.784863811  
-0.2335582328  
0.478599252  
0.6462521425  
-1.572656835  
-0.2702365662  
-0.3464765035  
0.3126524964  
0.6128061  
0.3425006415  
-0.6077174904  
5.44149137  
-1.842181028  
-8.626490008  
1.322164527  
-0.9942933357  
-4.542843804  
-1.778987898  
-7.025686473  
-2.25308118  
-8.263130454  
3.576588487  
1.779202916  
3.487804644  
1.33564373  
-9.545990414  
-10.36874684  
1.363364079  
