-5.483978786e-13  
-3.936038239e-09  
-4.790443912e-08  
0.0003240572423  
-0.0004570113613  
-8.874552475e-05  
0.002628883402  
0.004232548652  
0.004658280079  
0.006181822661  
-0.005470656187  
-0.004982993796  
-0.0006623057278  
-0.002321816719  
-0.00195277353  
0.004293622243  
-0.001903647966  
0.001341170153  
0.0002701997472  
6.2819588e-06  
0.001188759497  
-0.007147771428  
-0.003163520901  
-0.004219893292  
0.002538704804  
-0.003679756115  
0.0006950324026  
0.008886507802  
-0.001410955763  
0.001712126076  
0.001251462631  
0.000744482982  
-0.0007698960305  
0.001777712039  
-0.002635819236  
0.002645323217  
-0.00365788743  
0.00925391995  
0.001788172445  
5.550561187e-05  
-0.002336125013  
-0.0039019961  
0.01025524798  
0.004576362787  
-0.0008678822625  
0.001058878474  
0.001366719105  
0.005215057347  
0.00493883177  
0.0009005637933  
0.006393738008  
-0.001753238694  
-0.003834309041  
-0.002247359948  
-0.01027321304  
0.01156594678  
0.007151318584  
0.009777351735  
-0.01652021869  
0.003758620844  
-0.005190352746  
0.004673824917  
0.001019095218  
0.006534493175  
0.0005037574664  
0.003397066577  
0.008384420956  
-0.003114919398  
0.01066612579  
0.006290692491  
-0.008412970853  
0.003977880525  
-0.004534419935  
-0.001592886381  
0.003710765098  
-0.003356012503  
0.00225732936  
-0.003358214237  
0.004455841504  
-0.004957753068  
0.002263762209  
0.002285558104  
0.009413857288  
-0.006600275561  
-0.001481748138  
0.003890874711  
0.001670371067  
0.008081954265  
0.001213333607  
0.01021217925  
0.00474823911  
-0.01015698731  
-0.01503844309  
0.001738163703  
-0.004056968648  
-0.001605281176  
0.003351051338  
0.006012972541  
-0.01034425508  
-0.005246735207  
-0.007116076861  
-0.005576855332  
0.0003097452252  
0.002474321006  
-0.0001682283301  
0.005531487516  
-0.00161387394  
0.001382954708  
-0.02154443171  
-0.002710917817  
0.002766171879  
0.003173956878  
-0.00399037401  
-0.005739824904  
-0.002579501309  
-0.000550136848  
0.002777740133  
-0.007384848452  
0.0009627201911  
-0.002862938439  
0.002176626565  
0.007513700784  
-0.002630387387  
0.003344792857  
-0.002853612032  
-0.003865058329  
0.009539357243  
-0.01221586421  
-0.007532022006  
0.004996390608  
-0.005176147921  
0.003085104888  
-0.008779765455  
-0.003136064487  
-0.00682214577  
0.003876487052  
-0.01050790201  
-0.0009360506759  
-0.00072105419  
0.005091278842  
0.003107906788  
0.003185839372  
0.005675515161  
0.002609517057  
0.009951083709  
-0.007479372894  
1.858281512e-05  
-0.008224628351  
0.003505650854  
-0.006483891289  
-0.001057715512  
-0.002988594038  
-0.0020347686  
-0.0058033718  
-0.007466211134  
-0.004052644889  
0.008402024391  
-0.01008084894  
0.003052376176  
-0.00294556347  
0.004480850756  
-0.002695863966  
-0.00783332935  
0.001523651669  
0.0006076875824  
-0.001712045709  
0.005849925673  
0.005130009632  
-0.0004929631674  
0.006834677023  
-0.009578759451  
0.008596060986  
-0.002391663542  
0.008830292058  
0.003946149074  
0.000734396874  
0.004523227105  
-0.01117645756  
0.0007450362141  
0.003178007493  
-0.01692329169  
-0.004065955627  
0.0002218857322  
0.02169891101  
-0.007020882562  
-0.006215623318  
0.002652740554  
-0.005540031662  
-0.004243502367  
0.01112134909  
0.001900697739  
-0.007222536086  
0.009484120148  
-0.001792697146  
0.002312572134  
0.009114841193  
-0.002622277886  
-0.00502502249  
-0.007304133766  
-0.001353336337  
0.006687277999  
0.004227021208  
-0.006205100196  
0.001265711839  
-0.005595474762  
0.001501710081  
0.004480869787  
-0.001663796738  
-0.0008325013913  
0.01360247601  
-0.000716925142  
0.008588443072  
-0.01432276196  
-0.0104990834  
-0.0008170224775  
0.006848596032  
-0.005117291435  
0.002703915284  
0.006289523242  
-0.003119142005  
0.01444596814  
-0.002542732034  
-0.005790952091  
-0.001065503269  
0.006485629974  
-0.0007157262192  
0.002680022179  
0.005724101625  
-0.009131123266  
0.007939811021  
0.0008104218282  
-0.006728616992  
0.002689596951  
-0.001543339108  
0.01046345379  
-0.002022084946  
0.0221938514  
0.0003392052963  
0.01446927063  
-0.01676697321  
0.004654629229  
-0.001407443722  
-0.0006673626699  
-0.008406534607  
0.004839390523  
0.001426679752  
0.003291258001  
-0.003104115836  
0.01234266236  
0.001956409023  
-0.003838654551  
-0.0007272220636  
-0.002820994483  
0.009423437419  
0.001155978409  
-0.006967995321  
-0.006455969432  
-0.00677764854  
-0.0115189231  
-0.006757494289  
-0.0034777197  
-0.0004563277083  
0.001467149278  
0.007987223697  
0.005404075483  
-0.01184359302  
-0.008371936907  
0.0001001412257  
-0.01689206068  
-0.004843249296  
0.002334162417  
0.003698469025  
0.003554365303  
-0.006392048333  
0.003199209923  
-0.003153547081  
0.00593252958  
-0.001041285777  
-0.007689030975  
0.004376275756  
0.0006984103905  
-0.006621175492  
0.01001115526  
0.01370465692  
-0.004135803937  
0.001732542103  
-0.009467368875  
-0.01505730038  
-0.01273520744  
-0.007407126776  
-0.0009956147753  
0.002689178449  
0.00858078236  
-0.005422681394  
0.009667061636  
-0.01074619546  
0.007401313236  
0.0005309347729  
-0.004775674445  
-2.278953176e-05  
0.01708539919  
-0.0008694941561  
-0.009700326116  
0.01268251413  
-0.003755404056  
0.004561660488  
0.004848029102  
-0.01096675392  
-0.01137740418  
0.004274532794  
0.01350804047  
0.003178331311  
-0.006486370612  
0.005458648092  
0.01358579834  
0.00347657563  
0.005190715027  
-0.006120312983  
-0.02247914789  
-0.002845418993  
0.009849579369  
0.008034418402  
-0.01683326785  
-0.005633716299  
-0.0003089944077  
-0.009887138393  
0.0279272727  
-4.421970198e-06  
0.0008416940864  
-0.02181624158  
0.01233757753  
-0.0008582219632  
0.01057382418  
-0.001120106994  
-0.00588150579  
0.01157160794  
-0.02528707081  
-0.0001813587764  
0.005683508355  
-7.840949308e-05  
-0.006420454902  
-0.005022914671  
0.008640752148  
-0.01600447022  
0.01591553502  
-0.005660478384  
-0.01325052934  
-0.002457862697  
0.005328191353  
-0.01468287291  
0.004476601317  
0.008660785776  
0.01178419602  
-0.005601849084  
-0.0005658297798  
-0.006795984111  
-0.02108442805  
0.01096128198  
-0.009700095879  
0.002043588769  
0.01449960791  
-0.004563615737  
0.001477465585  
-0.009004976789  
-0.008393844361  
0.005897079346  
0.02340011561  
-0.001636574723  
-0.01738654056  
-0.00263768283  
0.02590005389  
0.01912513815  
-0.01810371881  
-0.005266275351  
-0.0005532207267  
0.02049525548  
-0.01314147604  
0.01979543174  
0.02312469588  
0.009063907243  
0.01281836154  
-0.01919735913  
0.003547357378  
0.004532896742  
0.00222546143  
0.01524430588  
0.01122852729  
-0.01309702738  
0.008397533349  
-0.01718509926  
-0.0154228097  
0.03174195012  
0.0212937046  
-0.0009450856679  
0.005608483179  
0.007967015334  
0.008369448691  
-0.0095836218  
0.005983114502  
0.02732039822  
-0.007625133098  
-0.002662412358  
0.01133210524  
-0.01362504642  
0.004366029642  
-0.0198397725  
0.0154476587  
0.006971851614  
-0.02920856811  
-0.01722596096  
0.0135892108  
-0.02118069416  
0.01766375947  
0.02021303097  
-0.02520555273  
-0.01364129977  
0.01209925717  
0.003717979352  
0.01814531799  
0.02876355119  
0.03299831762  
0.01678392683  
-0.0056560099  
0.01007617896  
-0.03140512378  
-0.01302074106  
0.03485131263  
-0.02006170293  
-0.01897527286  
0.02882556552  
0.01478295804  
-0.009913117017  
0.02582002055  
0.04963455522  
0.03695592462  
0.03772457361  
0.02139010113  
-0.007674633241  
0.07045330555  
0.04210679227  
0.03344528449  
0.007097974971  
-0.0289278773  
-0.04886137683  
-0.06668172333  
0.03319152369  
0.0005317905825  
0.05188781966  
-0.06839610874  
-0.06726232931  
-0.05786375908  
-0.07191898735  
-0.04459891944  
0.005278321178  
-0.05945095056  
-0.002156286027  
0.00990497871  
0.06172009197  
0.008394321426  
0.06659302621  
-0.08189544447  
-0.08915559104  
-0.2611913902  
-0.2630747857  
2.172304199  
1.60857879  
-1.521006685  
1.930944629  
1.436616606  
1.657934411  
0.8113286682  
0.9566934878  
-1.260787366  
0.7897884401  
-3.378223844  
-3.553115027  
0.5467686701  
0.6198831192  
2.466818018  
-1.834612991  
-2.473831066  
-1.854067421  
2.350118819  
1.549008019  
4.052953704  
-0.07326895175  
2.050579243  
-3.30981087  
0.8439822823  
-0.5039603419  
0.2786339541  
9.204517417  
6.68725492  
8.765500105  
9.956409623  
0.7599344314  
-2.666630363  
-5.589896785  
7.098721016  
