-2.711735857e-13  
6.131879262e-09  
-2.392447922e-08  
0.001899335148  
-0.00212734317  
0.001800842814  
-0.0003591989185  
-0.002186412242  
-0.001198672872  
0.00530836985  
0.003135247138  
-0.005483291425  
-0.002599234932  
-0.001035342719  
-0.005417317538  
0.0003059903537  
-0.0005227906403  
-0.01132482894  
0.01523130841  
-0.008581940731  
-0.004507698235  
0.002762759266  
-0.00488739626  
-0.00368311464  
-0.002652912729  
-0.005259816797  
0.0001954623106  
0.001196045945  
-0.003131429113  
-0.004814950152  
-0.007826307833  
0.01318121655  
0.004083078748  
-0.000162219848  
0.007212407421  
-0.001366720022  
0.001996011004  
-0.004518067196  
0.002359739659  
-0.000275712715  
-0.004635396866  
-0.003448160884  
-0.0004034154747  
-0.005044586682  
-0.01144291825  
0.006890093426  
-0.005286283972  
0.005654108698  
-0.005255825155  
0.0005908675146  
-0.0006933848577  
-0.004500781677  
-0.0008313056754  
-0.005958840723  
-0.002154914889  
0.008741414017  
0.00588256544  
-0.001153223612  
-0.005136660354  
0.0009100846423  
0.002324191808  
0.00152216816  
-0.006954133372  
0.005768944928  
0.004441429918  
-0.0009283945022  
-0.001940421108  
0.007785926419  
0.00648625573  
0.003763377792  
-0.007365958403  
-0.001453887244  
0.003232434128  
-0.006503771687  
-0.010058772  
-0.005158503058  
-0.003349905558  
0.00801141742  
0.002090054887  
-0.0003844183582  
-0.004480248558  
0.004506501382  
-0.002339189392  
0.003514512903  
-0.02008430351  
0.005840816242  
0.01498231305  
-0.007616486516  
-0.004102144432  
-0.005230348209  
0.001591393913  
0.003958162619  
-0.01488370899  
0.0007457446577  
0.001789721932  
0.002421123388  
-0.0003077790309  
-0.00558960334  
-0.0008224957945  
-0.002936723471  
-0.01139973685  
0.007349859886  
0.003647339708  
-0.001599129521  
-0.004696311413  
0.004382906412  
-0.002357274908  
0.007655819865  
-0.004264767119  
-0.001313517903  
-0.002094676135  
0.01075426555  
-0.006914965251  
0.002594211445  
0.002162616003  
-0.01152422578  
-0.004656653397  
0.001301347211  
0.0002578464961  
0.004562784539  
-0.006227814326  
-0.004869856888  
0.005012871032  
0.004318342994  
-0.007054999256  
0.00524703168  
0.004952655979  
-0.006229219588  
0.006721448716  
0.002891863815  
0.006483062496  
-0.001089690949  
0.001574775071  
0.013787094  
0.008105081635  
0.007292082893  
-0.001408201527  
-0.00678509892  
0.004964444673  
-0.001243087435  
0.00684052555  
0.00362825416  
-0.004144599935  
-0.01222737306  
0.00451057345  
-0.00109022803  
-0.005860310623  
-0.003581508251  
0.003994341154  
-0.002877761424  
-0.01067644368  
-0.01067814901  
-0.003326297829  
0.004892618951  
-0.01233840029  
-0.0005322927035  
-0.005345494681  
-0.0008844727995  
0.008501604196  
-0.005404817396  
0.002501427821  
-4.163653987e-05  
-0.004939035879  
-0.001660948451  
-0.01272393597  
0.007640132544  
0.007654105677  
-0.0005674795732  
-0.00452157922  
0.005181655427  
-0.009231386676  
-0.0002174483895  
-0.009191089463  
-0.002710414245  
-0.001489482641  
0.002537316231  
-0.005725316475  
0.002498500437  
0.003294504013  
0.004532769263  
-0.01359903366  
0.007861161018  
-0.001108954127  
0.003892989893  
-0.009857277853  
-0.003211264235  
0.003600913023  
0.002888441414  
-0.01408031668  
0.007894700782  
-0.01104636361  
0.0148247138  
0.01154350098  
8.148097242e-05  
-0.004378839686  
-0.01307968855  
0.005078889808  
0.0183118816  
0.002005025092  
0.00856905166  
0.002106850781  
0.005579851215  
0.005275162844  
0.01452410441  
-2.690046596e-05  
0.007912327693  
0.00465947235  
-0.005019398094  
0.004669742997  
0.003119756881  
0.005423194882  
-0.0003056367173  
-0.0008109967101  
-0.002174948537  
-0.001027195019  
-0.0001358337439  
0.005786562143  
-0.002807414714  
-0.003152979931  
0.00228671678  
-0.00452073308  
-0.002010731185  
0.002205283132  
0.009307965325  
0.01373602783  
0.001267706811  
0.005499152305  
0.01516699622  
0.00119496365  
0.001131306208  
-0.00600473094  
-0.0159307276  
-0.02677271611  
0.01051507813  
-0.009650900261  
0.00394250801  
0.007038677118  
-0.009373184882  
-0.01482814859  
-0.005197657196  
-0.01315431439  
0.007403509959  
-0.02215167094  
-0.001073388242  
-0.001354956765  
-0.01166072427  
-0.007438177778  
-0.009503938564  
0.002385691564  
-0.0003313153094  
-0.002161884345  
0.00101884001  
-0.0003471017068  
0.005912017426  
0.002793710893  
0.001043915566  
0.0002269440865  
-0.0002943135113  
-0.0003337576149  
0.01279513343  
0.003406856177  
0.01057667565  
-0.0001952562818  
-0.007085376839  
-0.007461267442  
0.003222959973  
-0.002987102369  
0.003592755288  
0.007153122049  
-0.01075169923  
-0.008968369716  
-0.01243250273  
0.002505003331  
0.009118835609  
-0.002573274556  
0.01792038637  
-0.005158991421  
-0.009182475576  
-0.005730823088  
-0.0004411569828  
0.007170279349  
-0.002391368725  
0.003473096488  
-0.005739586189  
0.003953916921  
-0.01323776505  
0.004972574797  
7.361761771e-05  
0.008727219157  
-0.004914357016  
0.008734938828  
-0.008557379416  
0.01442558623  
-0.004592250491  
-0.00632885248  
0.02010655316  
-0.008348167203  
-0.002626592433  
-0.004592090302  
0.01039978837  
-0.01651526361  
0.01335387869  
-0.02462280387  
-0.00163305399  
0.008145102015  
0.008292012341  
-0.00470176758  
0.003448456561  
0.005683162531  
0.01597357286  
-0.01252275199  
-0.01963092334  
0.02134430193  
-0.007737263937  
-0.005662341999  
0.002606405641  
-0.001433353746  
-0.005492484672  
0.01104449513  
0.01199760969  
0.01376610324  
-0.003907584468  
0.005500483764  
0.003043029955  
0.01901574818  
-0.001056136251  
0.01611943331  
-0.007980127023  
0.003341966727  
-0.01351668524  
0.009222789056  
0.007576603328  
0.01350519192  
0.00448428222  
-0.01732443671  
-0.01382424475  
0.02328572881  
0.001353835473  
-1.73119555e-05  
-0.01223911893  
0.002976637759  
0.007684338852  
0.007235032724  
-0.02008767852  
0.001411077621  
0.002756289743  
-0.00672295042  
0.004197470906  
-0.001882592901  
0.0110003779  
-0.01382465549  
0.003365954724  
0.005256469319  
0.0206957935  
0.00454480896  
0.01153324368  
-0.01185006037  
0.006289663272  
0.01559087278  
-0.01209591556  
-0.01043376084  
0.01191542104  
0.02222540391  
-0.005431270286  
-0.01496043885  
-0.005177791208  
0.01350268704  
0.01063152183  
0.02123809681  
-0.01112251102  
-0.01181331671  
-0.01257030742  
0.0141339876  
-0.003766414459  
-0.01346477147  
0.01067315455  
-0.009640995962  
0.01172798199  
0.01863709319  
-0.02238839969  
-0.00247241457  
-0.005096628494  
-0.02415305029  
-0.009342946823  
-0.006539103046  
0.02085038427  
-0.01901761227  
-0.009729200575  
-0.009882105644  
0.01801117581  
-0.005456515984  
-0.002841425874  
-0.01018183112  
0.006017995461  
0.01352203839  
-0.009380769239  
0.01354599998  
0.004988066083  
-0.00507889106  
0.01945873208  
-0.01438854256  
0.001816086289  
0.02193717061  
0.01831637353  
-0.004942352947  
-0.0282445787  
0.04417953899  
-0.0254040875  
0.02679015622  
0.0003619744793  
-0.001698802184  
-0.02718219064  
0.02554106015  
-0.03722331086  
0.01043456289  
-0.0026113373  
0.01290606191  
-0.00551123558  
-0.005821233299  
0.0161034238  
-0.004317796427  
0.05580522389  
-0.021631149  
0.02680989281  
-0.01520570846  
0.05536213839  
0.01604453622  
0.02992055667  
-0.01690197364  
-0.01860675273  
-0.01856537235  
0.009793555754  
-0.004997482511  
-0.02397368083  
-0.02066983972  
0.03973645114  
-0.05183692669  
-0.01040793938  
0.0415393463  
-0.02307639206  
-0.0005009869938  
0.05599657592  
-0.03361657017  
0.02006136746  
-0.06291818288  
-0.02184388256  
0.05193255869  
0.04257358605  
0.007587543944  
0.001097888742  
-0.02413899571  
0.04617738615  
0.00617361308  
-0.1158011875  
-0.03432319079  
0.07869295075  
0.01205089784  
0.06180473673  
0.04048535203  
-0.03210252035  
-0.0710258713  
-0.1041503372  
0.04072124365  
0.1637428622  
-0.8872232683  
1.952634323  
-2.055708142  
-0.9412811592  
-0.8250885372  
0.4364002051  
1.824362912  
-1.000844537  
2.348971396  
4.707498285  
0.6655283426  
-2.086682062  
2.79262444  
-0.2896311279  
-3.698526247  
-2.912175108  
0.01252827338  
-3.719209907  
-2.406877742  
-3.842009394  
-3.983412355  
-0.7241784897  
2.06756342  
0.2850632292  
0.8554460117  
9.453263841  
4.465795342  
-2.346735559  
4.491148118  
1.487317207  
-0.1523342223  
-2.830221004  
1.242267866  
-6.737657633  
-13.147615  
