-4.019330552e-15  
1.099844361e-08  
-8.965412069e-10  
-0.001764780922  
0.00372637517  
0.004080099354  
-0.0005665645498  
0.0006394866241  
-0.00318509016  
-0.004638177851  
-0.0007461934232  
-0.007066110795  
0.00155213199  
0.001838968261  
0.002674194202  
-0.006771880754  
-0.006089498347  
0.007999643336  
-0.003861601804  
0.001029376424  
0.003601794195  
0.002245450845  
-0.00613845952  
0.001230263263  
0.002489809695  
0.001287690542  
0.0009582461613  
-0.002387823825  
-0.001494129037  
-0.002572762546  
0.0007569918882  
-0.002004205309  
0.00211329855  
0.005157127898  
0.009581855972  
0.005381483159  
0.01051377821  
-0.0006326487663  
0.0007648300534  
0.001561121794  
-0.007884145205  
-0.005215094299  
-0.005638633801  
0.009003864779  
0.001091373106  
0.004162467154  
-0.001157051615  
-0.004749027245  
-0.009193587324  
8.048941741e-05  
0.009534436669  
0.003296385854  
-0.005161783853  
-0.003063150332  
-0.004634472413  
0.00159891149  
0.006098445123  
0.01020719538  
0.003507624503  
-0.003544638198  
-9.921063874e-05  
-0.002099348593  
-0.00280581367  
-0.003543504235  
-0.003762057759  
0.0002691895595  
0.002658699595  
-0.005626584491  
-0.008188426695  
0.0002880677024  
0.01367651227  
0.000316782207  
0.001075088267  
-0.001274918231  
0.00713127477  
-0.001465018333  
-0.009031369638  
-0.002612024233  
0.006894590599  
-0.0009749589992  
-0.01294366097  
-0.006347738684  
-0.002836128045  
0.004310930326  
0.01039483614  
-0.0009095366519  
0.004720045202  
0.01377530554  
0.006370010344  
0.003076803334  
-0.001528565276  
0.008181582288  
0.00150610525  
0.002914491601  
0.002500012572  
0.008473525059  
0.0001737738955  
0.00118888631  
0.003996241483  
-0.0104290706  
0.006808701123  
-0.007804092812  
-0.003012999531  
0.005055939094  
0.002123506083  
0.007547097283  
-0.0009073170034  
-0.000857945998  
0.0008076659371  
0.002589146408  
0.001186577421  
0.0007204809052  
-0.001849224242  
-0.0006635299331  
-0.0004195491388  
0.005041784606  
0.0002034121022  
0.007875496282  
0.00851483394  
0.00515871588  
0.006296942994  
-0.001329178946  
-0.007673374549  
0.003692159343  
0.009931973444  
-0.01114062544  
-0.004798196105  
-0.01025932425  
-0.000624306185  
-0.01262280985  
0.008761574168  
0.006488853267  
-0.008106851261  
0.006842139355  
-0.00955537531  
-0.006792853345  
-0.004045337853  
-0.002987390539  
0.001238144682  
-0.001787934359  
-3.876285902e-06  
-0.001920582551  
0.0005667683037  
-0.00137101922  
0.002338248954  
0.003487346359  
-0.004799002584  
-0.004021049129  
0.003870481545  
-0.003375308095  
0.002257558632  
0.002681371246  
0.007011245358  
-0.005858360176  
0.005840310295  
-0.004186527924  
0.001436493118  
-0.007361241541  
-0.00539589978  
0.002455289901  
-0.006304809276  
-0.0005492169388  
0.005136982752  
0.002862751962  
-0.005982463627  
-0.001877966181  
0.002270462677  
0.0042218253  
0.002376162404  
-0.005104995137  
0.003165635264  
0.004511687609  
0.005141219654  
-0.0001363245282  
0.01085229839  
0.007533246221  
0.00670335978  
-0.003283563238  
-0.003102812452  
-0.01441438235  
-0.003293641811  
-0.01043453923  
-0.005940688773  
0.002311143185  
-0.004155196455  
0.002564692236  
0.01148819962  
-0.003067350979  
-0.003345958636  
0.01418853065  
-0.003612398712  
0.007445119049  
0.001683802689  
0.001801190135  
-0.001355833276  
-0.0006107044047  
-0.00134648975  
-0.01151738753  
-0.008169090244  
0.00776660372  
-0.004410595274  
-0.0004733440961  
-0.003045043002  
0.004301827168  
-0.004164869967  
0.004198552381  
0.00841262846  
-0.007908776662  
0.008646295195  
-0.003989102934  
0.01257635362  
0.007550111017  
-0.004844840649  
0.0008813672182  
0.005678345681  
-0.005161560008  
0.009343748376  
-0.004553368381  
-0.00109380582  
0.006130371819  
0.007951535957  
-0.008235408969  
-0.0001201161693  
-0.005697983755  
0.0008896881273  
0.007967564  
0.002102652967  
-0.00801237405  
0.003322904713  
-0.0004369495638  
-0.001190683635  
0.007091048221  
0.003496797009  
-0.009008600764  
-0.01248040195  
0.0007712175008  
0.00733592729  
0.007150122482  
0.008560958768  
-0.00582492122  
-0.005725679559  
0.004970154327  
-0.00281904118  
-0.01563867012  
0.0100056903  
0.01455120338  
-0.001104186563  
0.008515725908  
0.01030724145  
-0.006324273727  
-0.009346552307  
-0.004732837566  
0.001492667131  
0.007061078394  
-0.003770917035  
-0.00438967623  
0.005410460953  
0.004500941619  
-0.006022765516  
-0.0007630213155  
-0.0121725608  
0.009221000201  
0.001471634647  
0.002651855607  
-0.004526854604  
-0.009731053102  
0.01017361619  
0.009919319674  
-0.006164812848  
-0.00362961835  
-0.0005478424267  
0.00663131694  
0.005285031639  
0.0008226114343  
-0.00291437267  
0.003316625173  
-0.007260891986  
-0.01306696705  
-0.01073787415  
0.004021736667  
-0.0003594530744  
-0.001510228721  
-0.004409271331  
0.003839338316  
0.004256162371  
0.01772681442  
-0.002436787648  
-0.003948468758  
0.006189910672  
0.01888321548  
0.001037328893  
-0.007914756807  
8.101558898e-06  
0.002095651813  
0.01586668423  
-0.01543805055  
0.005367537594  
-0.01028018479  
0.007536383491  
0.005446608725  
0.002730354111  
-0.003406776335  
-0.007327678802  
0.002646315017  
-0.005076935819  
-0.01081568121  
0.005302343998  
-0.01464180377  
-0.005175417647  
-0.0008921791144  
0.002990840336  
0.008815813578  
-0.003705938327  
-0.005713545826  
-0.00304524394  
0.0002440673409  
1.146549923e-05  
0.008307857801  
-0.01332806482  
-0.003670125639  
-0.004539526975  
0.008038105178  
0.001205380676  
-0.002802857417  
-0.0001604674454  
-0.007800197562  
-0.0006653505182  
-0.003651282207  
0.0001796001284  
-0.001471526273  
0.01177890489  
-0.01461228399  
0.0183074797  
0.009025713728  
0.01527526174  
-0.005403144322  
0.003348132006  
0.01682664857  
0.03014183508  
-0.005573763908  
0.003865055529  
0.001425402507  
0.01507125878  
-0.006368579906  
0.02157959959  
0.008542128576  
0.008901679702  
0.01687149132  
-0.008092301086  
0.03207901706  
-0.01375817444  
-0.01032565348  
0.04005977136  
-0.02031988736  
-0.01173729058  
0.006012496597  
0.02237400108  
-0.0106730745  
-0.01064497659  
-0.008290472632  
0.01244214748  
-0.002715951053  
-0.0008381474026  
-0.01187040029  
0.003874440474  
-0.0102191757  
0.02955662494  
0.01009051077  
-0.01209838736  
-0.01696918231  
0.008984191513  
0.007408513064  
0.02322353968  
0.00869939304  
0.01162070761  
0.009501693689  
-0.01291261142  
-0.005035364549  
-0.004410969291  
-0.005211053943  
0.006664450008  
0.007918949882  
-0.003654619015  
0.02860167134  
0.004922347271  
-0.01288078362  
-0.009023500715  
0.01894044891  
0.01403116486  
-0.01618193845  
0.003745204913  
0.01258808085  
-0.005128702745  
0.01408735975  
-0.004091543777  
0.007907452587  
-0.009749669385  
-0.01485226073  
0.01239444039  
-0.001225227412  
-0.01419282136  
-0.00591075566  
0.009519549135  
-0.03282579526  
0.01129584523  
0.02678615763  
0.007010582638  
0.0140892639  
0.002368365293  
0.01088548757  
-0.002065886699  
-0.03458868941  
0.02442285596  
0.02046916044  
-0.03893830827  
0.004048715794  
0.04962110874  
0.004808939351  
0.01683658554  
-0.00340614035  
-0.001102996744  
0.007903138371  
0.003222257327  
0.002519654742  
0.00388292077  
0.00649021095  
0.01562714191  
-0.03311397689  
0.006000397311  
-0.01149721408  
0.0001436043915  
-0.03429193896  
0.01434118999  
-0.0007928824439  
0.02746617863  
0.006572668878  
-0.00589749412  
-0.01130348037  
-0.04480529576  
0.01628124438  
-0.04038973467  
-0.0004942937664  
0.03182659862  
-0.001147892835  
0.03988996427  
0.003318214172  
-0.0007309270014  
-0.01419930413  
0.02652988823  
-0.02845731109  
-0.04480484008  
0.006911323781  
0.03544422757  
-0.118929116  
0.02841959536  
0.05228870574  
0.001290037336  
-0.2051282558  
-0.1019435631  
0.09409656443  
-0.04056331288  
0.00941989808  
-0.1314259991  
0.1991592039  
-0.9106819405  
-0.2678169332  
1.524854782  
-2.658630195  
2.835709799  
2.965157882  
-5.447353967  
-2.207103655  
-1.370242431  
3.41567276  
-0.68156034  
0.1840570962  
1.782499029  
1.784881472  
-1.429125866  
-0.2829568317  
0.9215335323  
4.304508759  
-1.707025115  
4.386828773  
-6.188012853  
0.009518667135  
3.286753086  
3.419570315  
5.316362584  
-3.198848491  
4.489885191  
6.095536609  
-1.165524277  
1.233898535  
1.254385151  
-7.467109986  
-1.107229707  
-2.096655978  
12.27774149  
