-1.469835289e-13  
-9.227871284e-09  
-1.195813285e-08  
-0.0006893411051  
0.002519657615  
-0.0004819307162  
-0.004328371575  
-0.006965409049  
-0.008616708211  
-0.005045985219  
0.02058242239  
-0.01036405392  
0.002103750235  
0.003510014462  
-0.001453866321  
0.002286376006  
-0.002777551702  
-0.01596408033  
0.01035485456  
0.003649360925  
-0.006827037387  
-0.01208871496  
0.005465069798  
-0.003738589992  
0.01504830478  
-0.009942147717  
0.001912294883  
-0.007106251767  
-0.005011869776  
0.01006037418  
0.003203832389  
-0.01125910446  
0.0009513438235  
-0.003205570753  
-0.007938574788  
0.001498177345  
-0.001843405322  
0.002182821558  
0.01906970549  
0.00124574952  
0.01073164307  
0.007586175066  
0.001039150702  
-0.01128437985  
0.004433737039  
0.004994528295  
-0.007693708103  
0.007577664614  
0.01426059506  
-0.001823481323  
-0.004810434192  
-0.0162664378  
0.005878601548  
0.002745444011  
0.005107962586  
0.0006415496122  
0.004642119121  
0.0009338670392  
0.005662997555  
-0.01185862031  
0.01053372171  
-0.009533029788  
-0.01971199359  
-0.004521843666  
0.000649652483  
-0.001115062235  
-1.633304365e-05  
0.007247275145  
-0.0132853572  
0.005453417723  
0.00189559775  
-0.007218645447  
-0.0008262536538  
0.002152594773  
-0.004427906628  
-0.005043183569  
-0.001534782677  
-0.00839508602  
0.00132922547  
-0.007694991799  
-0.01288262648  
-0.002495368865  
0.003914625542  
-0.006957932904  
-0.01645178187  
0.003662044649  
0.01087835651  
-0.02343712433  
-0.001462852487  
0.01953656918  
0.00158076041  
-0.006707729009  
-0.0001820414381  
-0.01592981195  
0.01262781853  
0.0002365484133  
-0.003520392414  
0.003995091688  
-0.006533576449  
-0.006467332279  
0.005914372221  
-0.007783331822  
-0.0003623228741  
-0.007504700974  
-0.01053983331  
0.003462627118  
0.004893890476  
0.001558846454  
0.003410543283  
0.01099165644  
0.007373451952  
-0.01321303911  
-0.005570298264  
0.0152027642  
0.00502223179  
0.001446973361  
0.0005074188981  
0.008245298505  
0.007823284198  
0.01783290287  
0.005094580904  
0.01853433226  
0.002328443994  
0.006008380611  
0.008882553228  
-0.007961539003  
-0.0007657966684  
0.0004576409059  
0.01154955847  
-0.003378284613  
0.006261551134  
-0.01448040781  
0.008331571433  
-0.007584964273  
0.01727699245  
0.008156656532  
0.007434584889  
-0.008643228885  
-0.007395988987  
-0.01138540337  
-0.01161583332  
0.007954460674  
-0.003164019307  
-0.01343939598  
0.01504563547  
0.003453635177  
0.0001485908342  
0.003995891793  
0.009998769248  
0.0205308132  
-0.01881130792  
-0.001621937966  
-0.004622248389  
-0.003687911539  
-0.008919916884  
-0.006917268871  
-0.003223994496  
0.004337724808  
0.005667694022  
0.004060692527  
0.001267314112  
-2.120222235e-07  
-0.001759682558  
-0.01237766959  
-0.01174694981  
0.002265166052  
-0.01083904441  
0.01060398493  
-0.01308697224  
-0.01086367598  
-0.002088131748  
0.003421432673  
-0.001889414601  
-0.0009809077237  
0.001471740926  
0.006104179544  
0.005722981243  
0.01637117834  
-0.007307770668  
-0.0003357331389  
-0.005628328454  
0.01028080478  
0.008766204794  
-0.01860716646  
0.01402772274  
0.01314602291  
0.001956987346  
0.003353571611  
-0.006865095886  
0.007805666539  
0.01284408523  
-0.006809331917  
-0.0107173326  
0.007474364101  
-0.01923480446  
0.01403021518  
0.005859147867  
0.01289977085  
-0.01171384629  
-0.02517294289  
-0.01426498533  
-0.005349376708  
0.004871970539  
0.003280946394  
0.007238167404  
0.00237029809  
0.01175691837  
0.01357705838  
-0.005734966403  
-0.004408008948  
0.000352867161  
-0.0128111538  
-0.005965160406  
0.002621560795  
0.002619007633  
-0.01074117024  
-0.004292426916  
-0.02393363405  
-0.01687566771  
0.01447050354  
2.529096281e-05  
-0.01071687816  
0.0207397563  
0.0116861634  
0.002939214326  
-0.01396132515  
-0.008035195962  
0.02347868697  
0.0152691662  
0.005699970151  
0.01302917386  
-0.005616856427  
-0.0114238205  
0.01180978097  
0.01993199683  
-0.022246369  
-0.006194458358  
-0.002640464589  
-0.0123322873  
0.01374435221  
0.01357126507  
-0.005330757749  
-0.003694744173  
0.01158618651  
-0.004883301606  
-0.01215058265  
-0.004503826103  
-0.003391782912  
-0.009467779017  
0.004057134569  
-0.007540680029  
0.02432623882  
0.01194290276  
0.007204922609  
0.003078561611  
0.001279836602  
0.01495238444  
-0.00359571053  
0.005035293515  
-0.01110413422  
-0.005837383748  
-0.01424209454  
-0.01117169513  
-0.006340163855  
0.003690623522  
0.03863714431  
-0.0003221609659  
0.005561088596  
0.01912209627  
-0.01189976027  
-0.01154177965  
-0.01408089852  
-0.005306218447  
0.007568285069  
-0.01013591556  
0.02202833594  
-0.01911388039  
-0.01416042904  
-0.002197653171  
0.03043130874  
0.01228175142  
-0.02519432882  
-0.01383153729  
-0.01060759042  
-0.01155083782  
-0.02509063692  
0.01215045336  
0.01335650969  
-0.02531975363  
-0.02392361037  
0.01132831787  
-0.004443158403  
0.0001047672282  
-0.02422958259  
0.009903612439  
0.004696713901  
-0.0297596469  
-0.004646788842  
-0.03750292575  
0.005828607502  
-0.007335475972  
0.01766239211  
0.01050326889  
0.01862901224  
0.001321959493  
0.03601936721  
-0.001010759102  
0.01394853122  
0.01424042627  
-0.005969306739  
0.008274480844  
-0.00302778259  
-0.02141006211  
0.01924733059  
-0.0114738549  
0.007739306513  
-0.01894732005  
-0.02028157277  
0.008995129727  
-0.001329567302  
0.02889044801  
0.007010599638  
0.0057371971  
0.01499153903  
0.02071231436  
-0.01895025847  
0.0005622964562  
0.004227380046  
-0.017317767  
0.008595687817  
-0.008264950972  
0.01309455914  
0.009413111929  
0.004606429479  
0.01901241808  
-0.001471210184  
-0.002717075456  
-0.01536827175  
0.000296226165  
0.007061766971  
0.01182208095  
0.0121947363  
-0.002604988512  
-0.008804479551  
0.01960850267  
0.002470154578  
0.004529407154  
-0.02198877947  
-0.01422946113  
0.02052976689  
0.03333803059  
0.01708033089  
0.005148271478  
-0.01957603138  
-0.008472670652  
-0.004867133065  
0.007502853244  
0.01776411341  
0.01170652515  
0.01418536056  
0.00396320524  
0.006690563296  
0.05350873989  
-0.0002392582405  
0.008821184446  
-0.02286867463  
0.01081072354  
-0.01433812568  
-0.03351072116  
-0.03766690297  
0.02117799561  
-0.0346432619  
0.006124200295  
-0.02524071109  
-0.01649619561  
0.01515449946  
0.001567672736  
0.02722831642  
0.0209133724  
0.02370889627  
0.02712795953  
0.02097508783  
-0.0001335738195  
0.0117916787  
0.02551263448  
-0.005741188276  
-0.01772420875  
-0.007732245604  
0.02925794304  
-0.01611812097  
0.0302851704  
-0.007123030654  
-0.04031441552  
-0.04126617465  
-0.02559154882  
-0.01579835855  
-0.06560226338  
0.01873078092  
-0.013543652  
-0.01130286778  
0.009172626458  
0.04778288411  
-0.007653828164  
-0.01014992222  
-0.03754808362  
-0.02268586649  
0.0341535712  
-0.01371738082  
-0.02072513249  
0.004312025052  
-0.005268732906  
0.02680370701  
0.02120797203  
-0.02782018265  
0.05791148369  
0.04824176472  
-0.0633553573  
0.01006689173  
0.0352455475  
-0.03428440941  
-0.0005702230946  
0.02420813223  
-0.03377935574  
0.02283152015  
-0.05219108691  
-0.04514771849  
-0.01350672034  
-0.01156951821  
0.003877145907  
-0.02675214206  
-0.04522686296  
-0.008342521562  
-0.02044999382  
-0.05698574139  
-0.02540068874  
0.02208015273  
-0.04026297805  
-0.01564827108  
-0.04678628179  
-0.04346139356  
-0.01525836185  
0.02151795215  
-0.04007146762  
-0.02052772448  
0.01385745439  
0.02178999315  
0.03508655589  
0.08017085789  
-0.02881178802  
0.01951354039  
0.06910015321  
-0.03678160044  
-0.09316694605  
-0.06546997081  
-0.03148012186  
0.02591481849  
0.06734364149  
-0.04506669178  
-0.1245126829  
-0.06507493018  
-0.03922680177  
0.1689848145  
0.3157697786  
0.1049154631  
-0.6810473164  
-2.345089325  
-0.511599373  
2.439808744  
-0.01496269036  
-1.859443918  
2.373704184  
-0.2725486056  
-1.400225882  
-0.1570914534  
2.24435323  
-1.001923509  
1.159941469  
-2.371343652  
-0.09728871428  
3.072571092  
0.03273915928  
1.817471275  
0.3724610695  
1.593122555  
2.338801314  
0.5097363301  
-1.620759838  
0.4907843867  
1.376387513  
-3.599660889  
20.08046915  
-1.741853764  
1.686200536  
0.2821761255  
2.148413662  
1.155384056  
1.144587684  
-2.337086078  
1.44995028  
