3.738425082e-13  
-2.466329152e-08  
3.40331728e-08  
0.002195899073  
-0.002517280775  
0.003563077284  
-0.004072695498  
-0.004538993854  
-0.008683329497  
0.004074788807  
0.006448596258  
-0.00459329145  
0.008002834016  
0.001091210037  
0.007241699732  
0.00510004873  
0.0002987188838  
-0.003914672367  
0.002965527099  
0.0003668734388  
0.006889679396  
0.00297049564  
-0.01093628008  
0.002352720575  
-0.005698080529  
-0.006337456322  
0.001198293132  
-0.0006719939043  
-0.009682627153  
-0.001210878908  
-0.008329971737  
-0.004745038402  
-0.001640280629  
0.002958695174  
-0.00936849998  
0.004604219  
0.002198190332  
-0.0006266618467  
-0.0126518867  
0.001762935391  
0.00457266663  
-0.002054558607  
-0.007405979925  
-0.006238271027  
0.003930079099  
-0.001376061679  
0.003097271215  
0.005336033576  
-0.002733783383  
0.003152265238  
-0.002363232049  
-0.008584211746  
-0.001338120917  
-0.002534768938  
-0.007371266514  
0.01004047558  
-0.0005962000129  
0.01040961292  
-0.0007348727957  
-0.006273784313  
0.01114218984  
-0.001412789886  
0.0008738764705  
-0.007402188832  
-0.009024291852  
-0.001369114526  
0.00250210878  
-0.007755004128  
0.00469831585  
-0.006200518892  
-0.003245292386  
-0.01609550794  
0.003610988689  
0.003007334744  
0.002832279797  
-0.01124101286  
0.01321345996  
-0.006997747118  
0.004479096273  
0.002504427327  
0.009526813896  
-0.001286800876  
0.005107909217  
0.008027652186  
-0.01319863438  
0.003058535841  
0.001802259945  
-0.00399210391  
-0.00381785801  
0.0007798933693  
0.004170711339  
0.006872668896  
-1.697950219e-05  
-0.004862504136  
0.007795501897  
-0.01041826913  
-0.001373301879  
-0.007318275889  
-0.00394103682  
-0.00731665056  
0.001785578101  
-0.002527774091  
-0.01019533915  
7.651556895e-05  
-0.001752445011  
0.003354503872  
-0.01170815026  
0.01217992665  
-0.00838023692  
-0.006144192724  
0.003316553501  
0.006493753838  
-0.0003155198996  
-0.00461711761  
0.004741186415  
-0.00656499977  
0.008175236091  
-0.003164093459  
-0.002956854078  
-0.009773305133  
0.00782444386  
0.009162206125  
0.002994842329  
-0.003587625182  
0.00110331189  
-0.002941520261  
-0.007498681563  
0.004512985689  
-0.01095918947  
-0.006861882551  
-0.006837128552  
0.00245009823  
0.02101802317  
0.003722333628  
-0.005561756544  
-0.006972644495  
0.009771822654  
-0.007952478267  
-0.01021664541  
-0.006985128969  
-0.001969386741  
-0.006002972095  
0.006538938883  
-0.0004892235212  
-0.01124425699  
0.009964720312  
-0.001989390301  
0.001226876279  
0.004177117848  
-0.01264962205  
0.01432009466  
0.01089476672  
-0.003772255895  
0.009066176088  
-0.002304512649  
-0.01078815458  
-0.001247791868  
0.01332402832  
0.01921980028  
0.00444416381  
-0.002555923743  
-0.01909262012  
0.004015442726  
-0.006003846483  
-0.01732514367  
0.009944023981  
0.00539290309  
0.005073663478  
0.00235022323  
0.007518059136  
-0.0008945438063  
0.01498067325  
-0.01139019367  
0.006718220206  
0.001415613096  
-0.008567714554  
-0.01509867982  
0.01771341306  
0.007546113587  
0.01140368656  
-0.004741990748  
-0.00908965357  
-0.001408558438  
0.007074616881  
0.005122127634  
-0.0006455483366  
-0.01046378357  
-0.003329050154  
-0.002212300001  
0.00122956782  
-0.005444097255  
0.004371658502  
0.009968581002  
0.00150234126  
0.002974086559  
-0.004567854542  
0.001101272577  
-0.006618765162  
0.003131233765  
0.009551902396  
-0.001985414127  
0.00321501605  
-0.01444869231  
-0.009018204652  
0.002990462714  
-0.003327160614  
-0.005288667973  
-0.003777239429  
0.003933972781  
-0.0002828525655  
-0.007686914448  
-0.009597332214  
-0.006650616694  
0.003749629639  
0.0060316925  
0.003325485226  
-0.01066302803  
0.003827363378  
0.004735894197  
0.006119668479  
0.001864208982  
0.003828888567  
0.009991577604  
-0.004944827424  
0.01022102654  
-0.01022361918  
0.006141855311  
-0.0006140409653  
0.01556624898  
0.001594785036  
-0.006963466988  
-0.01861566732  
-0.002688178191  
-0.005117652714  
-0.001824942  
-0.001101075398  
0.005506670647  
-0.01703414545  
-0.00574920811  
-0.001505440647  
0.001912575388  
0.001614335338  
-0.00942271187  
-0.0005224603482  
-0.001008550525  
-0.00280612193  
-0.004449027417  
-0.01953126418  
-0.003034221018  
-0.007602476116  
0.007648842777  
0.0001194379417  
0.00772297366  
0.003701301676  
-0.006238865559  
0.001488938248  
-0.002012768655  
-0.008437693045  
-0.01456871109  
0.004229277356  
-0.01018757751  
-0.001971749207  
0.008830930685  
0.02715130169  
-0.00506456117  
-0.002379851747  
-0.008548222033  
-0.02374016538  
0.01368983916  
0.0129983803  
-0.003388180217  
0.001470455404  
0.00757499993  
-0.006312187557  
0.006342915316  
-0.006575414135  
8.937626089e-05  
-0.018190974  
0.0009350758162  
-0.002993534334  
-0.0007185101944  
0.002490172168  
-0.009035323303  
-0.0128491572  
-0.001168142913  
0.01006331804  
0.01623879417  
-0.005092314591  
0.009356469059  
0.007247418065  
0.002986281631  
0.000580868062  
-0.01076711416  
0.002581664339  
0.001523519391  
-0.004972336956  
-0.005275674501  
-0.01628372165  
-0.006906286568  
-0.001783578904  
-0.005013738652  
0.01833059913  
-0.01837171709  
0.0002810095977  
0.01436264052  
-0.005253718968  
-0.005304912256  
-0.007931924091  
0.003637535126  
0.01351000667  
0.004309305183  
0.01833349784  
0.00446937072  
0.008933961901  
0.007163796417  
-0.004956352928  
-0.003397072656  
-0.01784059492  
0.008104757041  
-0.008759882192  
0.01911159857  
-0.01803445439  
-0.01498033839  
-0.02661080359  
0.0256425013  
0.003195375032  
0.02607549517  
0.01635226456  
0.02348645294  
-0.01148142696  
0.01574458105  
-0.01879100001  
-0.005633213694  
0.006964590448  
0.004667306612  
-0.006461304497  
0.0343966084  
0.005878463523  
0.01256335327  
-0.004513968104  
0.01215469723  
0.01787569872  
0.003301963762  
-0.003207488846  
-0.01442934317  
0.009849140399  
-0.0252555448  
0.02108439805  
-0.004473214899  
0.01198362758  
0.0005339803771  
0.00326844126  
-0.01114064664  
-0.01954480219  
0.0166029594  
0.01252304095  
-0.02072187037  
-0.005987942163  
0.001864305252  
-0.005309616805  
-0.001156167964  
-0.00834958952  
-6.442360162e-05  
-0.004061041683  
0.003415629389  
0.01050006171  
-0.002326496933  
-0.007461714894  
-0.006551243764  
0.005600693178  
0.004193970006  
-0.003917916354  
-0.01631105347  
-0.01265726044  
-0.01206220679  
0.002479782234  
-0.005159734731  
-0.01875437136  
0.02601178616  
0.009915007335  
0.01055832166  
0.001881569732  
-0.02218653482  
0.01650490252  
-0.02835133472  
-0.01706922322  
0.003157801457  
0.007262676328  
0.001542971154  
-0.008185860801  
-0.02203023826  
-0.01854214614  
0.0200944494  
-0.02534692664  
-0.01145857906  
0.01292851912  
-0.004512489169  
0.003196531279  
0.02369114996  
-0.0008245153023  
-0.009577743708  
0.0487734469  
0.04996836305  
-0.03356571861  
0.02831683558  
0.016788744  
-0.002225827193  
-0.006552855353  
0.01441260882  
0.001624345078  
0.02171355185  
-0.02597966386  
0.001342117428  
0.01231059618  
-0.004984041917  
0.01437968712  
0.05776936548  
0.02424716406  
-0.01531261557  
-0.02278278829  
-0.03029288555  
-0.008623149  
0.01635857242  
0.0005319695385  
0.02946328641  
-0.001541817578  
0.03682346015  
-0.05443418115  
-0.005663256398  
0.01585701139  
-0.01230663448  
0.06811326276  
0.02770426938  
-0.03595336891  
-0.01230856698  
-0.01752619303  
0.002844600478  
0.005333539373  
-0.02013166518  
-0.04695317645  
0.01439413203  
0.01593597588  
-0.08884337406  
-0.01600168832  
0.04002834381  
-0.03278590053  
0.09460755383  
-0.05593342746  
-0.05080677025  
0.174851584  
-0.07167259306  
0.04106265168  
0.07219498371  
-0.08530573392  
0.1483091351  
-0.08144581705  
0.0927091582  
-0.1680941336  
-0.03217219657  
-0.07194210688  
0.06265112833  
-0.07220198539  
0.1089016137  
0.419643276  
-2.689285259  
1.814431809  
1.776530459  
-7.487228047  
1.329268072  
0.7065822749  
2.207863482  
0.851243001  
-2.845073167  
-0.9212448299  
1.26888703  
1.322753522  
-0.2947237556  
-3.738660681  
1.433689081  
-0.3358499373  
1.1300861  
2.024072143  
2.516181845  
-1.521591618  
1.058767249  
-0.3604839411  
0.8745292246  
-5.020207349  
2.334212641  
1.952079401  
1.374718451  
0.2155383872  
-2.832875924  
5.51976119  
4.719007941  
14.04035722  
6.179092585  
-4.731742149  
-4.61786725  
