2.086465921e-13  
1.994960301e-08  
1.686420352e-08  
0.003046615366  
-0.004021606376  
0.00952084833  
-0.003991356736  
0.005600563966  
-0.0009858620325  
0.001222926017  
-0.01050131768  
-0.004992089643  
-0.003110635537  
0.003118783279  
0.0003534837438  
0.00183892211  
-0.01034725333  
-0.01176878226  
-0.0114688574  
0.005242040295  
0.004019681069  
-0.01545222078  
-0.009834626415  
-0.004658656563  
0.003482021448  
-0.01789385789  
0.00817944806  
-0.005347032566  
0.0003151455674  
-0.0009813260999  
0.00398017276  
0.01292592964  
0.002005271043  
-0.009341095485  
-0.005451680289  
-0.008902097545  
0.004840967063  
-0.004507415732  
-0.007924623609  
-9.141092381e-06  
0.008014255493  
-0.01382505614  
-0.006330574974  
-0.005201598163  
0.003390593307  
-0.004079162418  
0.003911586949  
-0.005180539471  
0.0115179338  
0.01227245367  
0.006903476509  
-0.009420164119  
-0.002548890507  
-0.00435294723  
-0.009120241939  
0.01147839866  
0.008337100562  
0.01617888084  
-0.003516854657  
0.007172067404  
0.004306764235  
0.0003523643809  
-0.007123343109  
-0.0003995570497  
0.001913502542  
-0.01450911193  
0.005511170911  
-0.0004861137718  
0.009288212734  
0.009050605703  
-0.006931615018  
-0.001369600764  
0.01312274233  
0.003208879042  
-0.009427560872  
-0.0007760411161  
0.01682321424  
0.003882269002  
0.00912544139  
-0.01264125283  
-0.004714346593  
0.01169540616  
0.003577742275  
-0.00328463935  
-0.01594244742  
7.221028434e-05  
0.005134090412  
0.008956126762  
0.004004365819  
-0.01159541643  
-0.01154362867  
0.01469233494  
-0.01500410655  
-0.007013670492  
-0.003188827488  
-0.004805972787  
-0.005543943577  
0.002101642188  
0.00333465734  
-0.001666126044  
-0.001727478236  
0.000949869048  
-0.0121565134  
-0.0181792717  
0.00490208209  
-0.01250340113  
-0.002090660074  
0.0001288078551  
0.0003752184556  
-0.0176750668  
-0.00716371676  
0.02158478012  
-0.001471241354  
0.007451398486  
0.004653091589  
-0.01024714324  
0.002100556518  
-0.00467950276  
0.002176816724  
-0.001226414471  
0.00612867855  
0.007781847717  
0.0121192312  
0.003308663344  
0.001708329965  
0.02410192284  
-0.009784874687  
-0.01419175777  
0.004394953438  
0.003709639195  
0.006124489344  
0.003616551354  
-0.008467216063  
0.000153513996  
0.01020539248  
0.01984678506  
-0.01595007905  
-0.01097235949  
0.006571179589  
0.002598319263  
0.002024333731  
0.005148803962  
0.0001781514635  
-0.00901755145  
0.005002698354  
0.01152140057  
0.01033658299  
0.000809710696  
-0.007335108093  
-0.01093675887  
-0.01142809664  
-0.001641217522  
-0.001474568966  
-0.0135193676  
0.004371335358  
0.005867031658  
0.0004991403107  
-0.01425856429  
0.003200576094  
0.0009074673351  
-0.01282591801  
-0.002085756728  
0.005036759129  
-0.01250682752  
0.002521927849  
0.02353596388  
0.003518684722  
-0.001208392181  
-0.005983658064  
0.002386302787  
0.009406350508  
-0.01086196816  
0.005920655482  
-0.002547842359  
0.001523960789  
0.004771086477  
-0.0007789264345  
0.007997538884  
0.01823941599  
-0.008320585187  
-0.005984835632  
-0.001043814787  
-0.01510254032  
0.005956335193  
-0.006225389274  
-0.01523489456  
0.01942946622  
-0.004900474482  
-0.01931483465  
0.01295178709  
-0.007092267937  
-0.001132545231  
0.004469637514  
-0.007699039796  
-0.006657716925  
-0.001541723059  
0.00582269042  
0.02259091735  
0.01257378653  
0.0181791702  
0.01232127595  
0.002885857611  
-0.01512053893  
-0.00628055232  
0.001646383601  
-0.003863436611  
0.02990701758  
-0.00966572085  
0.007440655281  
0.01846179211  
0.008130152655  
-0.007964247596  
-0.008848201025  
0.0003480222331  
-0.0007745073764  
0.004794715762  
-0.0104186848  
0.004322111542  
-0.005237374821  
-0.008850136422  
-0.006704834574  
-0.005688450014  
0.009867112119  
-0.003667486011  
0.0170361495  
-0.01361586234  
0.02417547073  
-0.0007847582676  
-0.005964601856  
0.01733948259  
0.001592822376  
-0.0167333029  
0.008855762964  
0.02561398981  
0.0108125506  
0.01286428658  
0.02314146743  
-0.004696088632  
0.01295532079  
-0.03788023048  
0.005840855778  
-0.001815239776  
0.02693833571  
0.01169012111  
0.02206105118  
-0.01181500934  
0.0005356343809  
0.0009874233511  
-0.005539669888  
0.006484686345  
0.003486385043  
0.0146880661  
-0.01200342853  
0.02228270233  
-0.009938467923  
-0.0004396097831  
-0.0075131931  
0.00281914453  
-0.009011875725  
-0.02889049889  
-0.01094614459  
-0.01652552576  
-0.008709923891  
-0.01524607148  
-0.01709677769  
0.01545838076  
0.0200963206  
-0.007028189123  
-0.0193997755  
0.01504054429  
0.02633374079  
-0.003280089552  
0.01192639717  
0.002152853865  
0.004334066352  
0.008093491191  
0.008209706608  
0.0041090324  
0.01293041963  
0.0008049245404  
-0.01730982101  
-0.008363061174  
0.005209152051  
-0.01244260984  
-0.01172553905  
0.005934757114  
0.012150734  
-0.005870396173  
0.01501728491  
0.01005809137  
0.002778526443  
-0.007819639117  
0.02898891379  
-0.00942851169  
-0.02130927959  
0.01253710318  
0.01659862406  
-0.02974908304  
0.03804155038  
-0.01467692513  
-0.009733367938  
0.03436840486  
-0.010402695  
-0.003918659388  
0.01991377332  
-0.02943481036  
-0.03703281686  
-0.001203853298  
-0.03154037755  
0.007856156263  
0.000663880439  
0.01880753467  
0.00140413303  
-0.002158195769  
0.008285713679  
0.0009981825857  
0.01608438276  
0.01293784994  
-0.007092421777  
0.001398644345  
0.004871798516  
-0.004455383544  
-0.003031929147  
0.006974382969  
-0.02032672017  
0.00979291936  
0.04000731328  
0.009723115524  
0.003307929625  
0.01192935141  
-0.006772406618  
0.03297747087  
-0.01263351567  
0.01663301394  
-0.01636439342  
-0.007534030928  
0.01987236029  
-0.00259707142  
-0.008488297124  
-0.008905400875  
-0.005655371667  
0.01987349042  
-0.002092805426  
-0.006739511011  
0.0253250737  
0.01103929008  
-0.03716975367  
-0.005170644551  
0.01260175857  
-0.01173198684  
0.0187653703  
-0.0223396709  
0.03274055696  
-0.03534102059  
0.01501159697  
-0.01220474574  
-0.006577959627  
-0.003192348222  
-0.001510571301  
-0.03616099285  
-0.006881706355  
-0.01186759017  
-0.04246737872  
-0.02955913015  
0.02188484162  
0.001039792877  
0.02904918719  
0.0363599512  
-0.008964736966  
-0.003928128762  
0.03321104487  
0.009415907401  
0.02235957631  
-0.001997731317  
-0.01508954266  
0.0433805891  
-0.008918357666  
-0.0113876401  
0.01839269461  
0.02430231895  
0.05452318375  
-0.02607894804  
-0.008572871102  
-0.07094591752  
-0.009490172402  
0.006901987948  
0.009497918669  
0.007085326562  
0.001471135488  
0.02163469441  
0.03083857321  
0.0133125727  
0.02539459145  
0.006902075657  
-0.0141313291  
0.03904799654  
0.0103678561  
-0.01488948163  
0.0654822252  
-0.009665580588  
0.03069028813  
0.01965433343  
-6.942049604e-05  
-0.005069618142  
0.01640313248  
0.01478105973  
-0.003074131433  
0.04175069145  
0.01368020022  
0.0396490431  
0.01795770096  
-0.01928826246  
-0.03376182813  
-0.03830078846  
-0.02613648625  
-0.04319193999  
0.0189364748  
-0.06441653737  
-0.04394162046  
-0.009399472769  
0.03054379028  
-0.02218348899  
-0.007953690067  
-0.01538905143  
-0.0321519944  
-0.00754111284  
-0.006815464971  
-0.02343682678  
0.03207441754  
-0.08516090096  
-0.004014558812  
0.05373677289  
-0.02940148441  
0.05550399858  
-0.02265463063  
0.00414348425  
0.01161945309  
-0.07819384771  
0.007055760185  
0.01399880527  
0.1111838017  
0.05635856658  
-0.06583394566  
0.1079440147  
-0.03759281234  
-0.1297412518  
0.05118833149  
0.01453148519  
-0.02133370915  
0.06822343247  
0.04748590756  
0.1740647347  
-0.2360203538  
0.09431706738  
-0.1944276777  
-0.05787609289  
0.1739662315  
0.0972252717  
0.2548467703  
0.01464196784  
-0.08763431658  
0.1273430155  
0.5496288008  
-0.6602911499  
-0.7975503741  
4.519414067  
0.1342057887  
1.064678039  
-0.841852936  
-5.366530234  
-1.765518553  
-2.674039257  
2.752097455  
2.118602868  
-1.604418766  
2.583093813  
-0.2502055152  
-3.742375128  
2.800643138  
-0.2603375241  
0.5818805442  
3.625600466  
-8.975752961  
2.921762618  
1.71707678  
-2.064239247  
1.001003916  
-3.187823978  
-2.512459745  
-1.622231716  
-0.5148375011  
0.5741279258  
2.794142266  
-1.54952056  
0.4518881616  
8.094549542  
-9.050370488  
-7.083101342  
7.291028677  
