3.353865631e-14  
-3.807582401e-09  
3.386046841e-09  
-0.001670527313  
0.001966665169  
0.002545370769  
0.002753147489  
-0.0087419564  
-0.001115935033  
0.0009712928499  
-0.01270848873  
0.00728585753  
0.0001726887916  
-0.002106588478  
0.009479648771  
-0.008839999082  
-0.01006766059  
-0.002704641928  
0.006309495709  
-0.003660988991  
0.0007735387288  
-0.004098351295  
0.005718192777  
0.0004429211007  
0.007982815289  
-0.006918166218  
0.001276737393  
-0.002240654305  
-0.003417190507  
0.002149302842  
0.01388485634  
0.00804991818  
-3.403275133e-05  
-0.002628934695  
0.008553514814  
-0.001152043277  
0.01336722679  
0.0009652654468  
-0.006740388896  
-0.006690437868  
-0.00471819778  
-0.002095703659  
0.0009808225536  
-0.001437511168  
-0.008553236312  
0.006022261845  
0.004447221577  
-0.002408754269  
0.01242748665  
0.0007696276667  
0.000505742178  
-0.007316651799  
0.000601231862  
0.01206060386  
0.003043590773  
0.01072838374  
-0.003174852246  
0.01120172203  
0.008550979504  
0.008860600527  
-0.01021359011  
0.002344025456  
-0.004054679341  
0.005326697694  
0.007594995243  
-0.001122128973  
0.01299869412  
-0.005258377331  
-0.006662217457  
5.024732832e-05  
0.00270169411  
-0.00799072517  
0.01743865632  
0.004947980446  
-0.002608622471  
0.001005130757  
-0.00642487501  
0.0005578815249  
-0.003765464402  
-0.0009602795331  
-0.007404277647  
-0.002922202646  
-0.005196348334  
-0.005194559779  
0.001488355981  
-0.01038267999  
-0.003052606738  
-0.004415801834  
-0.0003148367821  
-0.006603997093  
0.005807973747  
-0.008745472238  
-0.0006812887654  
-0.01008608151  
0.003169769873  
0.001173118397  
-0.002623180086  
0.001071188585  
0.01141280662  
-0.003803389569  
-0.00408140168  
-0.004236230087  
0.008782172176  
0.002079447819  
-0.001656327839  
-0.008851932922  
0.007534507302  
-0.004716832148  
0.0004991158281  
0.009993597544  
-0.005607295993  
-0.00596877168  
-0.002099585566  
-0.005735866766  
-0.0138262363  
0.0007053674508  
0.002535352068  
-0.01131342687  
-0.002785333554  
-0.01136302744  
0.01327890106  
0.00312188186  
-0.0001897019058  
0.001052441548  
-0.009244554396  
-0.007174036254  
-0.001908139983  
-0.01520504962  
0.0006128308212  
0.0002166014014  
0.009484421339  
-0.0008499044443  
0.002159729951  
0.006377302224  
0.02270865012  
-0.006215870543  
-0.005138775875  
0.0008553107347  
-0.001184421065  
0.01144475148  
-0.0005775939173  
-0.0272709627  
-0.01173761973  
-0.02000944895  
0.002435445483  
-0.003396000884  
0.001052004487  
0.00605839997  
0.01791182879  
0.002006468313  
0.008153841983  
-0.0001901166625  
0.003991163275  
0.009746752827  
-0.007951646728  
0.005966273902  
0.00421794971  
-0.01122268882  
-0.01526189624  
-0.007784457425  
-0.01249548589  
-0.005737116429  
-0.006079687036  
-0.003332056502  
-0.003177521527  
-0.01275902214  
0.008239355317  
-0.006946326456  
-0.008370991785  
0.005542652725  
0.01047446296  
0.001732018529  
-0.01576660287  
-0.004578571101  
0.004825302756  
0.005001507869  
-0.005518708425  
0.003035207268  
-0.001777018427  
-0.01983461356  
-0.00250251481  
0.005115416851  
-0.004232702345  
0.000310981871  
-0.003819699105  
-0.005747187204  
-0.002530107054  
0.0109463511  
-0.009158018756  
0.01827158281  
-0.01277811391  
0.002034578978  
-0.001033462909  
-0.009618626  
-0.0190349324  
-0.006248151704  
-0.006388441273  
-0.008056440416  
0.006019771666  
0.00406008939  
0.005746237259  
0.02268110037  
0.00156383972  
0.002301582014  
-0.003953647855  
-0.001891481689  
0.00642732981  
-0.00438439208  
-0.01163763983  
0.006491605521  
-0.003206647468  
0.01807008962  
0.003316464369  
0.0006193903231  
0.002725758422  
-0.009394561254  
-0.01799749673  
0.007557741597  
-0.005047732024  
0.00846427291  
0.005247032352  
-0.0006629951199  
0.004573559501  
-0.01223568793  
0.003061893558  
0.02365815996  
0.01699505337  
0.0115181534  
0.005967085951  
-0.01315556881  
0.01148496968  
0.003805901161  
0.01439208488  
-0.01023551618  
-0.01216515064  
0.01174556992  
-0.01048717615  
-0.01037316477  
-0.01753038251  
-0.01254960557  
0.01397337582  
-0.003712436989  
-0.004405444104  
-0.003758124814  
-0.001100275324  
0.02006518108  
0.0004488614134  
-0.01440241975  
-0.01769016305  
-0.01047299708  
-0.003761796285  
0.002587364095  
-0.009174038915  
0.002339425357  
0.01245959162  
0.001981386722  
-0.003099928425  
-0.02119155485  
-0.01624490123  
0.01097247725  
-0.007356749287  
0.01336999655  
0.009341348419  
0.01961816983  
-0.01196504846  
0.01237932056  
0.00365501322  
0.01262797215  
0.007167242653  
-0.006579394062  
0.00090567751  
0.01046800492  
-0.0008208517952  
0.0003660802894  
-0.01317557301  
-0.004657357198  
-0.002868025151  
0.01098692352  
0.01066146758  
0.003557316175  
0.02408658127  
-0.0008962483744  
-0.003481795835  
-0.02374841231  
-0.006620509827  
-0.003593160036  
-0.01734798705  
0.0121819104  
-0.005281114201  
-0.01466115082  
-0.001650465009  
0.008869264192  
0.01595534727  
-0.01605127895  
0.009772951988  
0.02644245483  
0.0237298533  
-0.01466010022  
0.003733747338  
-0.00144433948  
0.005103067959  
0.01981307337  
-0.01732544815  
-0.01052262003  
-0.02549639791  
-0.008643608471  
-0.007016533538  
0.01652735944  
0.003367302211  
-0.009338130889  
0.009868176126  
0.0253776801  
-0.01407015911  
0.0006621261459  
-0.01067236475  
0.001105417472  
-0.01424726682  
-0.0195982674  
-0.00877828244  
0.007295814098  
-0.002047956961  
-0.013165511  
-0.0009758172402  
0.004236331598  
0.004360342752  
-0.009340782792  
-0.02092035423  
0.003513252039  
-0.01125909475  
-0.01160286684  
0.004957429198  
-0.01333522402  
0.02107153407  
0.03202531699  
-0.0002608442484  
-0.0009453019582  
0.005113888804  
0.02294522973  
-0.004122926851  
0.004516849052  
-0.01208481703  
-0.006681630573  
-0.02425003047  
0.005236027881  
-0.04831912454  
-0.0252299313  
0.01129649357  
0.005526099201  
-0.003526200934  
-0.0222412874  
0.009092658151  
0.002318910962  
0.007817310494  
0.03694084538  
-0.005462109472  
0.02490035247  
0.0181748682  
-0.02879583099  
-0.003111449703  
0.006124636024  
0.002564228478  
-0.02638777502  
-0.009483998286  
-0.003202160598  
0.02073378531  
-0.01195667425  
-0.02250956489  
-0.02259023497  
0.008582693509  
0.004086791376  
-0.01947206555  
-0.01622062494  
-0.02476716532  
-0.01097908337  
0.03155639476  
0.02162774862  
0.02881848108  
0.04596621314  
0.009280244982  
-0.001871946307  
0.03213458376  
-0.001497164147  
0.002595008122  
0.04657712681  
-0.03037294396  
0.02343832852  
-0.009508494908  
0.004573540836  
-0.01466856646  
0.006181282576  
-0.0004696456832  
0.008699609828  
0.008333051796  
0.005876217758  
0.01158420047  
-0.02533856078  
0.04540230412  
0.000602390388  
-0.04987018446  
0.02557297408  
-0.04635617905  
-0.01658701705  
0.03008120778  
0.01099154334  
0.01315438257  
-0.03060340977  
0.01853380308  
0.01765424636  
0.01755413858  
0.03626371959  
-0.02404704691  
-0.008558041888  
-0.008821791697  
-0.02705172076  
-0.00870837387  
-0.0364337145  
0.03873617346  
0.05753968376  
-0.03192480101  
-0.0007916772806  
0.0125502565  
0.02277684269  
0.01684251075  
0.01588830054  
-0.03652403097  
-0.04436965603  
-0.04578705121  
0.02186795011  
-0.01520704527  
0.03346018241  
0.0005825936602  
0.01126605345  
-0.0002860479937  
0.03911892882  
-0.01891661094  
-0.01251317986  
-0.001389294998  
0.090596126  
-0.01830457559  
0.003496965767  
0.0242612149  
0.07325063947  
-0.04144012092  
0.03912819522  
0.001581822754  
0.03221043655  
-0.03346547645  
-0.02792442894  
-0.03585771102  
-0.003038670678  
-0.01272895743  
0.0991965458  
0.0371708957  
-0.02522716197  
0.07297758077  
-0.08348634264  
-0.05387050228  
0.2622698818  
-0.001549099745  
0.005451133553  
-0.01875276941  
-0.3813041471  
-0.2806472316  
-0.6149878722  
2.988117486  
3.993451587  
-0.5743794123  
0.891507661  
-4.497223711  
3.205704286  
2.342508531  
0.3147906128  
-1.490869341  
0.3861992531  
1.005801064  
4.762893835  
-3.173098647  
-1.39302782  
-1.300029389  
0.6211571865  
3.439050024  
-3.81046686  
3.5722852  
7.348640012  
-1.29330882  
2.997218118  
7.87366413  
2.462282255  
0.3488456951  
0.2859313204  
2.511058153  
-2.039859147  
-7.669546236  
-2.938626584  
2.280076319  
-0.5709603601  
-5.441657823  
-9.410122963  
4.646254166  
