3.200104813e-13  
-1.952765619e-08  
2.891072358e-08  
0.00130705824  
-0.0005571231483  
-0.001343454827  
-0.0003848122945  
0.005371509475  
0.00452749083  
-0.001721539328  
-0.004044820961  
-0.003757634018  
-0.003275122305  
0.002323017631  
-0.004898691772  
0.0102818087  
-0.0006367824221  
-0.006186715364  
-0.0008662923551  
0.001000422121  
0.005908425032  
-0.001174339928  
-0.006916868994  
-0.002445969059  
0.002782775755  
0.00201146003  
0.002460988551  
0.0007148959464  
-0.0004164005181  
0.005223403198  
0.001208164899  
0.0007617858573  
0.001444228161  
-0.00302809256  
0.006003006507  
-0.004186115479  
0.001466365135  
-0.001881947744  
0.001847697767  
-0.004937283894  
0.003306574447  
-0.0005745047978  
0.003307111753  
0.0007248236595  
-0.003637341001  
-0.006757539435  
0.003478130232  
0.004990103278  
-0.001900032519  
-0.002007565172  
-7.106114616e-05  
-0.003482904197  
-0.003933098519  
-0.001339098628  
-0.000627625  
-0.007246453192  
-0.006116907108  
0.002239526873  
0.002366539055  
0.002919660609  
0.01010963053  
-0.002218435639  
0.001701694653  
-0.0002642209934  
0.003071790671  
0.001940099444  
-0.0009735470489  
-0.002442648872  
-0.00558868428  
-9.020694774e-05  
-0.01164337508  
0.000209761543  
-0.002784036447  
0.004827241359  
-0.002603391249  
-0.000590078831  
0.00101714924  
-0.00126465061  
-0.004313122177  
0.009021855741  
0.002288040874  
0.002823004362  
0.007208047783  
-0.002099910213  
-0.002223181193  
-0.008436530217  
0.001848374653  
-0.002630336862  
0.003799786874  
0.004887611809  
-0.002129787894  
-0.006308789797  
-0.00786523612  
-0.001246758414  
-0.000183382212  
-0.003084478227  
-0.005957454714  
0.003840831727  
-5.909548246e-05  
-0.007255605979  
-0.000334609296  
0.001004853278  
0.001118683463  
0.003377195189  
0.0004179510071  
-0.002589411501  
-0.0005637931021  
0.001387513453  
-0.0004433399549  
-0.003493862218  
0.000631778885  
0.007551597133  
0.0007671688321  
0.006809062449  
-0.006578038307  
0.002290682191  
-0.001359685537  
0.004384571952  
0.00244821645  
-0.0002177056895  
0.005502688921  
-0.002150294137  
0.001826451672  
0.004766954949  
0.0002355735567  
0.004689234287  
0.001169745443  
-0.001903132553  
0.001335778897  
0.005871690209  
-0.003568797415  
6.766670352e-05  
0.001249074561  
-0.003111913338  
0.008705437195  
0.005402701082  
-0.006954928999  
0.009822152204  
0.005617663713  
-0.004129891097  
0.001960928782  
-0.009433825416  
0.006273017446  
-0.007508277254  
0.005984224856  
-0.00592545411  
0.0006928341524  
-0.004135554078  
0.002034077005  
-0.00429623611  
0.0002129449124  
-0.0006113705227  
0.01312837188  
-0.006697966518  
0.005343496436  
-0.001606218897  
-0.004738454171  
0.0009191078422  
-0.0002351571274  
-0.001896534761  
0.002004791403  
-0.0001556158326  
0.0005459332639  
0.00142563501  
-0.004751468822  
0.001983905689  
0.004426849523  
-0.004902729666  
-0.001049986592  
-0.001781595172  
0.003904912779  
0.003687262323  
0.003597609071  
0.006150412531  
-0.001593929558  
-0.002600361279  
0.00486377267  
-0.01155087581  
0.003514023504  
-0.004525174922  
-0.007598264664  
0.0004827542258  
0.003622894611  
0.007714617659  
-0.006839190017  
-0.003381796958  
0.006768518198  
0.002299371876  
-0.005133059449  
-0.004149093633  
-0.004113336322  
0.006758139464  
0.003074873686  
-7.61483819e-05  
-0.001716512369  
-0.006070036299  
0.006677331761  
0.001860728455  
-0.004342217436  
0.005735962082  
0.005856131904  
0.003074695202  
-0.0002768738916  
-0.002935435672  
0.004082138529  
-0.004011278729  
0.002594476535  
-0.009110701209  
0.00403564462  
-6.230279606e-05  
0.011034173  
0.009878795774  
-0.001163139081  
0.006243192352  
0.001535722716  
-0.002681522156  
-0.001632841523  
-0.003298657732  
0.001404689583  
0.004250389528  
0.001519197035  
0.001200755909  
-0.0006891945399  
-0.006198039763  
0.001031097194  
-0.0003351673788  
0.006824491674  
-0.0009314240803  
0.002090125622  
0.001830708318  
-0.002161876379  
-0.002031846141  
7.359044669e-05  
0.001541808603  
0.003076178389  
0.0006634013129  
0.003387043363  
-0.006262172693  
0.006418841533  
-0.008829156946  
-0.005844768664  
-0.003354823259  
0.01171126081  
-0.004415363324  
0.003647004592  
-0.01035862489  
0.01095097761  
-0.005542532077  
-0.008583406428  
0.01171974596  
0.001847594711  
-0.00543823568  
-0.001106157292  
-0.005614708274  
0.004906795974  
0.004903551377  
-0.005738279105  
-0.001049145715  
-0.004201092491  
-0.002600745419  
-0.001256538571  
-0.008528486727  
6.31532141e-05  
0.00027571619  
0.005327703604  
0.003597370093  
-0.006528970761  
-0.008937216724  
-0.009620914092  
0.01989082304  
-0.004906686777  
-0.007403903141  
-0.006467462755  
0.005615638413  
0.004406857979  
0.00477290974  
0.007190704652  
-0.00744001988  
-0.0023313942  
-0.000224862904  
-0.01477936899  
0.01239340139  
0.001026540502  
0.004202165407  
-0.004194625657  
-0.003447318077  
0.004402757359  
-0.00544408531  
0.004124182935  
0.006011176971  
0.01357507927  
-0.006351644651  
-0.0005379478855  
-0.01765484976  
-0.0006740635946  
-0.001057115995  
0.0007699982742  
-0.002423016986  
-4.019154492e-05  
-0.005869538148  
-0.00822763542  
-0.001340505741  
0.0003734690921  
0.009970520428  
-0.001825349517  
-0.009455392107  
-0.01034254224  
0.006114846211  
-0.01028459616  
0.01014179441  
-0.005069224726  
-0.003465147476  
-0.006089751928  
0.0001186174911  
-0.008007567441  
-0.0003641557484  
0.0005653829473  
0.003985630388  
-0.0009690038977  
0.005009785672  
-0.0003451012099  
0.01358970152  
0.005735119557  
0.004974034231  
0.006760023725  
-0.003702142699  
0.01039648455  
-0.01318491324  
0.0009546409992  
0.004091196777  
-0.01140173697  
-0.01155971747  
-0.002881234011  
-0.002150203104  
0.0005835395554  
0.004637161782  
0.008157069221  
0.007101255357  
0.001585871289  
-0.001729599729  
-0.0001934949761  
-0.003654620361  
0.003329785426  
-0.005759006459  
0.007113742296  
-0.002059310823  
0.001548081337  
0.0103393223  
0.01382633027  
0.01300882737  
-0.01552665243  
0.004557945679  
-0.002696958175  
-0.002478918389  
0.01087154517  
-0.01915411419  
-0.00792976722  
-0.0001615150718  
-0.01063767337  
0.0004876477296  
0.001576640646  
0.007903433946  
-0.01031895613  
0.003907862832  
0.004748545687  
0.001982041516  
-0.0004238311162  
0.008797349135  
0.002678994437  
0.008335431591  
-0.005059695769  
-0.003572405028  
0.01685025133  
0.001336863828  
-0.0007851325682  
0.009047248701  
-0.007643828966  
0.005728055674  
-0.0003206127062  
7.506490778e-05  
0.002627018711  
0.003606025481  
-0.01049377878  
-0.0001577645987  
-0.002795184217  
0.003917096535  
0.006799489305  
0.01751261558  
0.01812904374  
-0.005790859319  
-0.01179565636  
0.003926862208  
-0.009363378223  
0.01803922764  
0.01038159301  
0.004264813133  
0.006709605076  
-0.004526733273  
0.004241229527  
0.007171540342  
0.008076180638  
-0.0087627288  
0.003122386477  
0.008100102348  
0.0182851489  
0.01123159641  
-0.005763273106  
0.003004491822  
0.01030832429  
0.01954794046  
0.001258608525  
-0.01238612523  
-0.007882658878  
-0.002836296093  
-0.01394165926  
-0.0243878413  
0.01602458409  
-0.01060604496  
-0.009219710045  
-0.004908510191  
-0.003782784044  
0.01404075361  
0.008038351335  
-0.008482643691  
0.004183647217  
-0.01405784406  
-0.00444920564  
-0.006975439377  
0.02514916865  
-0.02634404939  
-0.02855305064  
-0.004655785775  
-0.0121183896  
0.04014118963  
0.01257549919  
0.01769168565  
0.00893896337  
-0.04056673989  
0.004352736992  
-0.02302562722  
0.009066114656  
0.008286069301  
-0.01273073471  
0.003803658341  
-0.008142329599  
0.002422256902  
-0.005536701608  
-0.01655638806  
0.02008660971  
0.01387357846  
-0.003595099322  
-0.03021974047  
0.033489406  
-0.02391118329  
-0.003237827722  
0.02293323353  
0.005947828065  
0.02377782132  
0.01453031919  
0.04023535848  
-0.03540684159  
0.05066734029  
-0.02577578492  
0.01589443112  
-0.3986325157  
0.1842062285  
0.5872367404  
1.164946629  
-0.09304113853  
1.454127981  
-0.8455075532  
-0.3751882359  
-0.2497961511  
-1.589761485  
0.5584712622  
0.2433556319  
2.210031315  
1.329440535  
-0.8368770517  
-0.08768261992  
0.5040049996  
-0.5103418131  
-0.2519424109  
-0.1302437925  
0.6711816161  
-1.680980101  
2.35298428  
-2.499258915  
1.293242848  
0.7984754626  
1.745768066  
-0.2389040948  
-2.648293332  
7.169384097  
-6.853309195  
5.854228906  
-12.15603791  
9.485774663  
-9.182377329  
