-2.650466309e-13  
-3.602003005e-09  
-2.314456063e-08  
0.003121112764  
-0.0001955280777  
0.004401713266  
-0.01006584162  
-0.004213291266  
0.003065180958  
-0.004299671623  
-0.001141274478  
-0.007545593568  
0.002700054593  
0.0001543043348  
-0.01555669215  
0.01248361323  
-0.001706780594  
-0.01443981435  
0.003801637865  
0.0006750619564  
0.001057893197  
0.006149046903  
-0.00460467522  
0.001465284232  
0.003012861107  
-0.009072453389  
0.01242566535  
-0.00533319316  
-0.0006685576649  
0.001992620193  
-0.01600592077  
0.005053158905  
0.0003071928786  
-9.187171432e-05  
-1.695629169e-05  
-0.01036372131  
0.003814674847  
0.004644140793  
-0.002895865276  
0.0003461057117  
0.01263116112  
0.002135515924  
-0.0108601783  
-0.004404360345  
-0.0008933267337  
-0.004780054299  
-0.004761169396  
0.0100320082  
0.009688527364  
-0.006672569853  
0.005233006482  
0.002396227688  
0.001172686061  
-0.007851250851  
0.01246951399  
-0.003274995616  
-0.02343614539  
-0.0006844749542  
-0.001951702881  
0.003729273024  
0.0009012575287  
0.003591296774  
0.001900207271  
0.01228219242  
-0.003384633459  
-0.01209578145  
0.01190176821  
-0.01187036145  
-0.00157621219  
0.0008640819643  
-0.005999025819  
-0.002490346659  
0.0003497267252  
0.0006268728553  
0.001943294654  
0.006690813444  
-0.002750094888  
0.01642147082  
0.0001368920357  
0.006505538973  
-0.009064669785  
0.007230888238  
0.01209158342  
0.0006552284301  
-0.008644976733  
-0.0127587895  
0.01236575613  
-0.007348100549  
-0.003134267954  
-0.005005567193  
0.002480912126  
0.001053798043  
0.00759210077  
-0.007251847741  
0.002169747185  
-0.01089901343  
0.004191593477  
-0.006383787994  
0.004494784191  
-0.005874149558  
-0.008928025742  
-0.001767506513  
0.0001713450057  
0.0009393529926  
0.0006355593765  
-0.003052764181  
0.00870718621  
0.01577717528  
-0.00116971145  
-0.01562438683  
-0.00362470974  
-0.0210912388  
0.006509416427  
-0.0003354108299  
0.005746835438  
-0.00565640784  
0.02306337965  
-0.01005926025  
-0.01751438433  
-0.007799612188  
-0.001881253969  
0.006265880732  
0.0168504253  
0.005293458649  
0.01344270813  
-0.0008954989986  
-0.005868330752  
-0.0006608238064  
0.001072272558  
0.01125073314  
-0.01021271331  
-0.008752570877  
0.006487812068  
0.007805497211  
0.00369036812  
0.008865642609  
0.006115280978  
0.001795339029  
0.002729009555  
-0.01217987847  
0.007780337828  
-0.01426246213  
0.0006651726226  
0.003221428239  
-0.001531968123  
-0.0002078359265  
0.01292084364  
-0.008989191837  
0.008735128587  
-0.008549634826  
-0.003106175776  
-0.003612178269  
0.007089315845  
-0.01263989687  
0.01004739636  
0.002958207616  
-0.007034641806  
-0.009550718282  
-0.01115697801  
-0.003540381975  
-0.0006381349019  
0.003226859839  
-0.003547489087  
-0.01794295955  
-0.002470333868  
0.01230880924  
-0.004902799918  
0.008449587048  
0.0005622492628  
-0.01272182673  
0.002893814656  
-0.0118805379  
-0.01148224605  
-0.0005045981531  
-0.005739301791  
0.004741799703  
-0.0003303561555  
0.001608538548  
0.01668829675  
0.002218016004  
-0.006210301658  
0.001867749565  
0.001108517344  
0.01304336312  
-0.001043792614  
-0.01971440166  
0.001228584554  
0.0107879473  
0.001851932343  
0.002900380392  
-0.0003967553676  
0.01490148241  
0.01144368237  
0.008384091138  
0.004492868766  
-0.01254512349  
0.004282226545  
0.01293075484  
-0.008813074923  
-0.001324013164  
-0.00827363651  
0.01343625755  
0.001206480128  
0.0006325420404  
-0.009258106744  
0.003349132444  
0.01222532631  
0.01197623064  
0.0006034393349  
-0.008352187048  
0.00366704113  
0.007564391755  
0.005803845291  
0.001924530454  
0.01386220112  
-0.0157094845  
-0.005248976515  
-0.009038213268  
0.003379807662  
0.01070582192  
-0.0006555200642  
-0.00951273753  
-0.003884782801  
0.00316119476  
-0.004018854999  
-0.003724142129  
-0.001052503918  
0.01514649661  
0.006623075811  
-0.008901750535  
0.01090099417  
-0.008613465675  
0.01444392549  
0.005065188725  
0.002014217027  
0.01703487196  
-0.0007599412626  
-0.03154926085  
-0.0007469192841  
-0.01451553081  
-0.01283060641  
0.006264952062  
0.01714547032  
0.002792765166  
2.115156758e-05  
-0.005310630106  
0.00959773012  
-0.02499850477  
-0.005656725895  
0.007190696407  
0.01619067345  
0.004227761775  
-0.0100682345  
-0.00382639354  
0.008103452834  
0.02623160425  
-0.008844168949  
0.004000022924  
0.002219006026  
-0.003426267788  
-0.01161976875  
-0.01629358961  
1.4704238e-05  
0.01326504308  
-0.009639147698  
-0.003781136146  
-0.01636823301  
-0.002754254641  
0.0007725875214  
-0.003294902904  
0.008680687621  
-0.01270715324  
0.01053043141  
-0.01036008441  
-0.0166604471  
0.01512447558  
0.008092744606  
-0.02306258128  
0.001593374413  
-0.01818683267  
-0.004676575304  
-0.002171249945  
0.01111744129  
-0.02874299933  
0.008550960482  
0.00401170887  
-0.0008941299833  
-0.005733705132  
0.01597833127  
-0.01558969833  
0.002858472047  
-0.004950651711  
-0.004448938345  
-0.002610537125  
0.02213127222  
0.01997943578  
0.01743196997  
-0.01466163262  
-0.006144349666  
0.02827812238  
0.006714516179  
0.02748469053  
0.004426456612  
-0.00141513799  
0.008109420778  
0.01025918051  
-0.006166221587  
0.0091792287  
-0.008765703821  
0.008680201254  
0.0005640628971  
-0.004159439597  
0.03151732253  
-0.02564292612  
0.01142483222  
0.006460449964  
0.01386327278  
0.02102095149  
0.002261624448  
-0.001675363036  
0.00294246372  
0.004565740862  
0.004984367994  
-0.01493703333  
0.007273556735  
0.01626452648  
0.02650663309  
-0.0009244115756  
0.003807286536  
0.002761478364  
0.003291237834  
0.00797831553  
-0.005471582015  
-0.01006180307  
-0.0391297563  
0.01181753184  
0.006627115456  
-0.002945204886  
0.01028837716  
0.01157615364  
-0.0222324503  
0.01509024204  
0.009799966269  
-0.00292236043  
-0.003876354423  
-0.01816819017  
-0.000934226182  
0.03025118462  
0.0002653296376  
0.004472384457  
0.01995712623  
0.001391959529  
-0.0007886308578  
0.01828859306  
0.01699510577  
-0.02477978895  
-0.02252093149  
0.001670933317  
-0.02023480068  
-0.005896605774  
-0.0200575439  
-0.002773066731  
-0.01061572065  
-0.00745797351  
-0.0121398542  
0.008264375246  
-0.01735950634  
0.00113772323  
0.001530935225  
0.0276888735  
-0.01755124555  
0.001219055982  
-0.004110631755  
-0.02084248067  
0.02067597194  
-0.003170883672  
0.005558359664  
-0.009384317474  
-0.001473683208  
-0.009031331987  
-0.01315580625  
0.01558147974  
-0.01887660745  
0.01254833837  
-0.005175415296  
-0.0025248179  
0.01243020451  
0.03776698332  
0.002893072686  
-0.002291841384  
-0.009220020005  
0.001446980804  
0.001605951057  
-0.02152554404  
0.006297575432  
-0.01076759686  
0.0002003681819  
0.02600383721  
-0.0003336765865  
0.04323520476  
-0.007434133259  
0.01870582141  
0.04831118495  
0.001066125108  
0.01797275448  
0.00746250418  
0.01765312015  
0.04308773057  
0.03812513019  
0.009251388785  
0.01781335281  
-0.0967648127  
-0.0242531602  
-0.02015491198  
0.01460777825  
-0.04617106596  
0.01734948068  
-0.07160793113  
0.01115891818  
0.01763054208  
-0.01447482169  
0.04187414299  
-0.02383623842  
-0.05745594082  
0.01066795818  
-0.0125419596  
-0.005432168999  
0.01365301431  
-0.03846080841  
-0.01334104792  
0.005178262181  
0.007290335822  
-0.07015034392  
0.0364259684  
0.08735307914  
-0.001559235614  
-0.01768626271  
0.004051422145  
0.0821601631  
0.002255774791  
0.03305410877  
0.05557007106  
-0.01572643622  
-0.03678554553  
-0.03087551145  
-0.03642068305  
-0.03690508446  
0.1432771224  
-0.02640689044  
0.09613679202  
0.1210010301  
-0.04634512069  
-0.01798359741  
-0.1041648993  
-0.04431696727  
-0.07708043555  
0.007708002491  
0.01712397341  
0.08052087507  
-0.01902921836  
0.2677470792  
-0.09773801022  
-0.3370065817  
-0.6027072617  
2.673806196  
1.745514637  
-0.2385742029  
-1.777861224  
-1.735361367  
-2.150823471  
-3.600687605  
-4.287469155  
0.5411720849  
-4.182615226  
3.432358596  
-4.177390143  
4.482515606  
2.497667833  
-2.418241793  
-1.287061921  
0.6135866522  
1.85750857  
0.5428250851  
3.088841169  
4.46646172  
8.856712771  
-3.498751507  
2.712521821  
1.108594632  
2.913541247  
-1.867666287  
-8.932501711  
-0.5044935983  
5.329626684  
6.840655504  
1.064740039  
2.03218636  
-4.346113897  
6.353901402  
