2.91671558e-13  
-8.81154088e-09  
2.558552457e-08  
0.0005367781897  
-0.002109897688  
0.0005149462214  
0.0002724343885  
0.00254525591  
0.008046043934  
-0.00327395019  
0.003380870969  
-0.002505443594  
0.002701591589  
-0.00414782449  
-0.002227148405  
0.0007817965251  
-0.003428174944  
-0.006729422199  
-0.003646678212  
0.005097178118  
-0.002487119999  
0.008429195614  
0.00784138909  
0.009327647753  
-9.717787293e-05  
-0.004495031761  
-0.001989580632  
-0.006012615645  
-0.007065826826  
0.003967040758  
-0.001434949856  
0.005112417292  
0.003839696755  
0.0007147024678  
-0.005485193584  
0.0006207198466  
-0.001172687474  
-0.002007272322  
0.007065660614  
-0.003156995586  
0.002729260748  
0.0009676975737  
0.01296461343  
0.003758005495  
-0.002008455087  
-0.001055246516  
-0.005211569585  
0.003420853326  
-4.916413493e-05  
0.01858547749  
-0.007723979834  
0.01268891197  
0.008906510595  
0.01091031079  
-0.001778451483  
0.005825392834  
0.002185733511  
-0.008046476951  
0.004510300453  
-0.003717366415  
-0.0107579992  
0.00812270886  
0.002830174712  
0.0028564967  
-0.006384929504  
-0.00031882475  
0.008525875581  
-0.003325754243  
0.003349067379  
0.002601817906  
0.008059219294  
-0.002184224494  
-0.009824063133  
0.003511152282  
-0.01271920936  
0.005478984309  
0.002487896473  
-0.01126474057  
0.005359762292  
0.008569314417  
-0.001952877011  
-0.003350402133  
-0.005653911776  
0.001235792146  
-0.01182851682  
-0.006668477012  
-0.01311484542  
0.01024779664  
-0.003360553484  
-0.00731712062  
0.007857767878  
0.006802525845  
0.001072502602  
-0.0008690175866  
0.003383074601  
-0.003852471536  
0.003973852894  
0.0008102690801  
-0.002884345484  
0.0004374295961  
0.00151005646  
-0.0004188793607  
0.001108799071  
-0.01469403653  
-0.002967644009  
-0.0006679065501  
-0.0003274169072  
0.006191367896  
0.006215552924  
0.005960648074  
0.007571850009  
0.007360862425  
0.00660692648  
-0.0007288312161  
0.002920608575  
0.003930778866  
-0.00235502008  
-0.005740782649  
-0.00159652821  
-0.01631543124  
-0.003440177451  
0.002449518726  
-0.0007410380469  
-0.001694423808  
-0.005547546227  
-0.006082162138  
-0.003114650749  
-0.006130306163  
0.004242887624  
0.01199789624  
-0.007966165016  
-0.005858902712  
0.002343441122  
0.001990440918  
-0.01212923401  
0.002458883152  
-0.005243661574  
0.01577327326  
-0.0004873720293  
0.01047579146  
-0.006272479027  
-0.002571438628  
-0.01936157689  
0.004525655237  
0.001043569634  
-0.006982525681  
-0.01066035549  
0.008610936016  
0.007411405466  
-0.002664480692  
2.734031181e-05  
0.001255881039  
0.00621854062  
0.01068005253  
-0.002875308438  
-0.004178734878  
0.003985642827  
0.007442179475  
-0.0008968055483  
-0.006762455557  
0.01007886322  
-0.003266230163  
0.01722135358  
0.002854460291  
0.001630596151  
0.001803735398  
-0.0008677063807  
0.008124739078  
0.008094308181  
0.002367936096  
-0.000131904739  
0.01060505167  
-0.009922951873  
0.001675783985  
0.01529728069  
0.006828557275  
-0.01205355548  
0.01618188978  
0.001782850266  
0.001915931978  
0.004207071869  
0.0004612590891  
-0.006616788541  
-0.01109958521  
0.0137084569  
-0.001446667603  
-0.002449000498  
-0.00785470065  
-0.002261797285  
-0.001365275474  
-0.009561569657  
-0.0001294713552  
-0.01824647005  
-0.01552585117  
-0.008725140275  
0.007597395839  
-0.005272693556  
-0.01016730634  
-0.01092924519  
0.005672154662  
0.01330424309  
-0.008995557275  
0.003260670412  
0.007768552024  
-0.02171487893  
0.001309935893  
0.004976809652  
0.005534744729  
-0.01765825267  
-0.004569584946  
0.009937733279  
-0.01441021396  
0.01143460867  
-0.0007848883927  
0.001550777133  
0.0001943667726  
0.01722550688  
0.01510482149  
-0.01915187287  
0.02267759509  
-0.003362837708  
-0.0007701089462  
0.01727804572  
0.003443902167  
-0.01324587541  
-0.01978476584  
0.006339990644  
-0.01730187546  
-0.001548495112  
-0.001343720555  
0.01300476843  
0.01542014089  
-0.005549838942  
-0.008926611378  
-0.002368153653  
-0.003747026603  
0.007567417931  
0.0001720964041  
0.01337488456  
0.001672920317  
0.02315627478  
0.00524290487  
0.009044727249  
0.002800277382  
-0.004646590176  
-0.01295343956  
0.01337924495  
-0.006610398906  
-0.00895345204  
0.009542332037  
0.01624692049  
0.01338632371  
-0.00199989663  
0.02091888832  
-0.008678059147  
8.641071061e-05  
-0.02306800925  
0.003978518703  
0.0008619675718  
0.004550112201  
0.003718503779  
-0.02138699009  
0.002107783613  
0.00837231608  
-0.01088893888  
0.006506548241  
-0.003545714066  
0.01313336037  
0.007379685377  
-0.01994724116  
-0.003845178208  
-0.006767326177  
-0.007020546244  
-0.001562612903  
0.02508601184  
-0.004086278662  
0.005345108221  
-0.00570021903  
0.004518467697  
0.009550435254  
-0.0003380998768  
-0.00322281481  
-0.02600999464  
0.005359394128  
-0.01010426628  
-0.01100842615  
-0.0009379170797  
0.003198750041  
-0.00139891435  
-0.009342839845  
0.0228678638  
0.003954073963  
-0.009960895213  
0.002482751844  
-0.002135174073  
0.003927241745  
0.008266644753  
-0.02310763831  
0.007254902362  
-0.004779823869  
-0.006068255094  
0.0145527455  
0.004346890766  
-0.006570001702  
-0.00544598974  
0.01619217451  
-0.0187459947  
-0.02185860914  
-0.01507132105  
-0.006686177133  
0.003650196117  
-0.01726700038  
-0.002363556247  
0.01131056665  
-0.009302946512  
0.006868047517  
-0.008927756102  
0.007405532567  
0.01995932911  
0.002148406022  
-0.00352448499  
0.01190465779  
-0.0009633930238  
0.005540690532  
0.02006409732  
0.003547704455  
-0.01034620708  
-0.00973519621  
-0.007321975685  
0.01579982263  
0.009118073556  
-0.01479783567  
0.006548707782  
-0.002319523189  
0.002253365132  
-0.01592855439  
0.02472419157  
-0.006810266406  
-0.0007604841313  
0.01773887842  
0.009305274214  
0.007297792827  
0.01811455802  
-0.001315505634  
-0.005041854868  
0.01442957553  
0.03642765483  
0.01409701403  
-0.009039136033  
0.002112995954  
-0.001351997178  
-0.009203834698  
0.0004784980295  
-0.006500943868  
0.01518763037  
0.01195560224  
-0.0113193231  
-0.0001243391803  
0.004342476867  
0.01414962827  
-9.926882302e-05  
0.003383725178  
-0.01024970515  
0.005341827829  
0.01200653506  
-0.02384942467  
0.0007312872534  
-0.03804029779  
0.002562149423  
0.002026385137  
-0.009982380697  
-0.02320505131  
-0.006468728694  
0.01292697331  
-0.003492843425  
-0.01023540922  
-0.02901969165  
-0.002548319317  
-0.008532225909  
-0.00803968136  
0.004088663465  
-0.02662919934  
-0.01372513998  
-0.004197623587  
-0.01159305352  
-0.003357961077  
-0.01092441534  
-0.008017921723  
0.01746681062  
-0.03443412873  
0.001274754731  
0.00483579021  
0.000283441801  
-0.02027135071  
0.01658767433  
-0.01324556318  
-0.002236455684  
0.004266234227  
-0.03350599917  
-0.003706178695  
0.01186025707  
-0.01007391895  
0.0245596753  
-0.01824927105  
0.001184738003  
0.01767619244  
-0.02249994665  
0.04905424957  
0.02694809786  
-0.04258142333  
0.002526594113  
0.008956353063  
0.03025369093  
0.01876486645  
0.01202061117  
-0.01115148343  
0.0489284977  
0.001907786715  
-0.008964682737  
-0.03247555014  
0.02519660935  
0.007334382494  
-0.01438828738  
-0.039532326  
-0.03617543063  
-0.03157291343  
-0.04524967464  
-0.01178276815  
0.01798010399  
0.01115012698  
-0.02704675726  
-0.02353844069  
-0.04833595441  
-0.005653264443  
0.009153640187  
0.04178044805  
0.01255409537  
-0.01228290843  
-0.04992719297  
0.006891214688  
-0.03753922908  
0.0897371357  
-0.06633379934  
-0.08094436536  
0.06064467676  
-0.006236504431  
-0.02947850807  
-0.07802100221  
-0.05296251526  
0.1110415275  
0.08126092003  
0.0005381908523  
0.0127782439  
-0.02334782655  
0.04588977717  
-0.1730588481  
-0.2444752307  
-0.1985096445  
0.00983335561  
0.07041192117  
0.0226447931  
0.1402282291  
-0.2742493959  
-0.2898471091  
0.6852635666  
-1.664041528  
5.484008927  
-0.3663623864  
0.1065621875  
-3.384108987  
-2.339005317  
2.387718646  
0.1093578227  
-3.838707407  
2.984445777  
1.337425604  
-0.3927568728  
-2.661343598  
-0.1716349737  
-10.07410686  
-7.915856091  
-3.111877597  
-0.05124171509  
0.7157486206  
-2.928042067  
0.8593418605  
4.451844387  
2.259008653  
-8.85541329  
2.908176193  
5.448171491  
5.123780883  
-2.471593626  
-1.287479653  
3.753746111  
-3.095242562  
-3.783042907  
-0.1264223138  
-3.581135522  
