-2.144420542e-13  
6.716519222e-10  
-1.860970561e-08  
-0.004483463225  
0.001086152753  
-0.007442830347  
-0.004801660912  
0.00387951417  
0.007371616178  
-0.003432856906  
0.008657753104  
-0.01116912257  
0.004694004084  
0.00852253254  
7.871586089e-05  
-0.01216323592  
-0.001977394744  
0.001138369236  
0.005676075893  
-0.002909366229  
0.003044697977  
-0.007509452291  
0.009230757113  
-0.002535833719  
0.01201577815  
-0.01398191173  
0.003334430636  
0.0153172335  
0.002376953586  
-0.002960303567  
0.004920125155  
-0.006894801136  
0.002819270466  
0.00636660839  
-0.002351713834  
0.01355683828  
-0.0007120258606  
-0.003330950601  
0.02227482888  
0.005784685264  
0.01120919275  
0.006230400726  
-0.006957992409  
-0.0150652761  
-0.005348742555  
0.002736848005  
0.001824293352  
0.00647994295  
-0.004663312259  
0.00362167682  
0.003863961733  
0.003017720967  
0.002087321986  
-0.008292662795  
-0.007240957447  
-0.005517916208  
0.008729142761  
-0.004410376504  
0.01330937623  
0.01204824404  
0.0006559792315  
0.00437472095  
0.001100311232  
0.003316705065  
-0.003665135122  
-0.007962563795  
0.007163438852  
-0.006339860923  
0.001885656044  
-0.02377173881  
-0.01410952339  
-0.003102635382  
0.001614870704  
0.001336443895  
-0.00312938486  
-0.001932923884  
0.01058555378  
-0.01184027167  
-0.001674025251  
-0.01504215171  
0.01065767212  
0.005663942072  
-0.0109367106  
-0.01233378214  
-0.007279098331  
-0.009759965297  
0.01426515832  
-0.01378203351  
0.005715698408  
0.01139175619  
0.005117554395  
0.001050399973  
0.0042156458  
0.002669224808  
-0.004450157949  
0.002477169685  
-0.01406043467  
-0.0005728357245  
0.003463355167  
0.006760306156  
0.0002662124605  
-0.008444049585  
0.002089639473  
-0.005775530563  
-0.007884852096  
-0.01663131211  
0.003446761159  
-0.003437643137  
0.004172708462  
0.003050580385  
0.005327596905  
0.004137725151  
-0.009248010898  
-0.00810176451  
0.009429422857  
0.0003793780642  
-1.165440316e-05  
-0.001647275529  
-0.01549822487  
-0.01406821746  
-0.0008345233245  
-0.01307319546  
-0.007302210454  
-0.001251105244  
0.0004835727386  
-0.017773081  
-0.003220011291  
-0.01066741015  
-0.01294565424  
-0.005170261553  
0.00372737624  
0.01090271618  
-0.0008651093169  
-0.0005659996196  
0.01464115049  
0.0009376230829  
-0.0009373572656  
-0.002969551286  
0.00422063958  
-0.01913158164  
-0.00360241399  
0.0127158647  
0.009554881795  
-0.000265125831  
-0.003786337137  
0.005556338828  
0.004239221336  
-0.002554725005  
0.005890500387  
0.00410239725  
0.0003513065065  
-0.002222562745  
0.003605408978  
-0.005726314343  
0.004769542287  
0.00120368201  
-0.008026362391  
0.006182596319  
-0.004016567036  
0.004256299412  
-0.009452036731  
-0.003549186872  
-0.003958044415  
0.002408440031  
-0.0002712795443  
-0.008718737773  
-0.001971930642  
0.01022700009  
0.005408387203  
-0.0001983048283  
-0.0006662367892  
-0.02106860354  
-0.00313414148  
-0.004208676077  
-0.008605997899  
-5.843699238e-05  
-0.009336108081  
-0.001965263412  
0.00491468316  
0.01104645608  
0.01009297046  
0.0008336655224  
0.006096877607  
0.006221917685  
0.002787165161  
0.01449444496  
-0.01138474165  
-0.01268749464  
0.006226208186  
0.02114811247  
0.003919323212  
0.009244982142  
-0.003826603822  
0.01932262839  
0.001643476917  
-0.008738430274  
-0.002233540153  
-0.005573666375  
0.01134372267  
-0.003588238206  
-0.004150939291  
0.01569395288  
0.007054328884  
0.0006673375381  
0.0003152584067  
0.01457202369  
-0.006976619557  
0.01063712746  
-0.001521463176  
0.01437473093  
-0.001459833729  
0.005925354295  
-0.02372229121  
0.008198296078  
0.006119921475  
-0.001242865299  
-0.0146402076  
-0.0142247669  
-0.009525058827  
0.004361496623  
0.0009474840341  
0.001542518108  
0.01159466735  
-0.02279208157  
0.006225044221  
-0.0141034586  
-0.009052756768  
-0.000496887345  
0.008263011929  
0.006943075812  
0.009408954308  
-0.0003732247645  
0.009425869079  
0.009364151273  
-0.00686057135  
0.004376112776  
0.004056273259  
0.003312701879  
-0.009468997709  
-0.01122854984  
0.0001832871814  
-0.007005101074  
-0.007018121131  
0.03000129855  
0.00830024974  
-0.01139158169  
0.004062136661  
0.004885456158  
0.003364854773  
-0.01578148063  
0.01876337952  
-0.002718187972  
-0.009715545759  
0.001898978844  
-0.01362208981  
0.01040948461  
0.01547156042  
0.008226537883  
-0.002070696424  
0.02521732156  
-0.006449674649  
-0.007963433578  
0.008361311307  
-0.002833885594  
-0.01431084842  
0.003177718344  
0.003377555032  
0.00657563604  
-0.01224218499  
-0.009418195239  
-0.01189753526  
0.02890679406  
0.005413480985  
0.006985641008  
0.01669050395  
-0.01020768117  
0.005222054707  
-0.007508094318  
-0.007711477201  
0.003722759545  
0.01243148056  
-0.01944691637  
0.002922720463  
0.008136121254  
-0.01215776745  
-0.002256739036  
0.01942292709  
0.01657885202  
-0.001991478827  
-0.0110947072  
0.00579876214  
-0.002454322659  
0.001185657259  
-0.01908482787  
-0.01031372657  
0.01715347532  
-0.005894616971  
0.004193493282  
-0.01633305471  
-0.001462917077  
0.0169319889  
0.004342505254  
-0.008685911887  
0.008206154742  
-0.01152934194  
0.003795942673  
0.01362935213  
-0.0007163936854  
0.01179039101  
0.01315495204  
0.001000834647  
-0.00616452749  
-0.03685147114  
0.01465919949  
0.0010902796  
-0.003038884627  
-0.01546033016  
-0.02223204003  
0.01411468945  
-0.0004477543962  
0.01063330567  
-0.007292313083  
0.01823878913  
0.0113488896  
0.0138683317  
-0.02838957116  
-0.01152080629  
0.003561214947  
-0.009652470567  
0.0118707716  
-0.0144203606  
0.006749333762  
-0.002493989951  
0.01492912827  
0.01418484771  
-0.01941246927  
-0.02059938875  
0.02828160263  
0.02051804163  
0.001439549713  
0.01482151439  
0.01292784517  
-0.006350629038  
-0.01329698483  
-0.05270748424  
-0.001059211797  
0.01659595865  
-0.005284499322  
-0.005591469419  
-0.0006025665112  
-0.03302904485  
0.004608300525  
-0.02743674678  
-0.04474901346  
-0.01436699231  
-0.009359607812  
0.006277472031  
0.01208684994  
-0.02787617159  
0.0168956721  
-0.001415040145  
-0.03691851964  
0.01248669921  
0.003181691478  
0.01863488846  
-0.03547349387  
-0.01486642227  
-0.01561603081  
-0.01473290636  
-0.02264069725  
0.01662715996  
0.006754907721  
0.01212953485  
0.007618154168  
-0.01732666899  
-0.001648514387  
0.004336021916  
-0.009193841033  
0.03032951899  
0.02581645367  
-0.008563090518  
0.007118292038  
-0.004408921858  
-0.0110656952  
0.02317364566  
-0.01004843245  
-0.01089491347  
-0.01639891982  
-0.003683343539  
0.02290755051  
-0.0254976505  
0.01436704516  
0.002909770941  
0.01115561892  
-0.0142550667  
0.00768701568  
-0.02454802006  
-0.002415384519  
-0.02129257604  
-0.0131068093  
-0.03672257682  
0.0147854809  
-0.02202163443  
-0.03717657053  
-0.00494875502  
0.01091500996  
0.01345105467  
0.01886634014  
-0.03024960691  
0.02547708429  
0.02105386568  
-0.02019049513  
-0.002642754526  
0.03520153333  
0.0141207459  
0.01837054819  
0.02321064929  
0.04912880947  
0.02037377639  
-0.04829699928  
-0.01658179987  
-0.001414721807  
-0.03784881057  
0.03848827084  
-0.01773864504  
-0.02027440308  
0.04752849266  
0.01782190295  
0.007117348323  
-0.006710092859  
-0.02078689725  
-0.03906262236  
0.02964194622  
-0.01836219658  
-0.05004025317  
0.02006388636  
0.0005859869366  
-0.01688010492  
-0.01959474353  
0.01431280978  
0.02355027726  
0.02504861601  
-0.0759777285  
-0.01196192749  
0.04589882746  
0.03073028481  
-0.0172702215  
-0.01212271434  
0.06141973124  
0.01491336386  
-0.03629260737  
0.09412752945  
0.03724053966  
-0.01893924974  
0.1113177017  
0.03950376572  
-0.03380777342  
0.03772970762  
-0.05912044019  
-0.02052616576  
0.1129822744  
-0.04929566838  
-0.09630983585  
0.02881594184  
-1.457458516  
1.014846498  
1.468822344  
-1.64509498  
-4.796245642  
0.8663239391  
1.945629581  
-1.445745561  
1.025003683  
0.06921948718  
-5.039203572  
4.889675211  
-2.247819882  
13.78237896  
3.586034941  
-4.493720652  
-3.158325144  
3.308375215  
0.1390343258  
-2.566529672  
0.272035964  
0.5682826952  
-1.905293355  
-2.73985605  
-1.93258097  
-2.571091156  
8.421939958  
-5.435023317  
2.396045302  
0.2137076308  
1.136172447  
1.150554119  
3.362287203  
-3.348425621  
-1.008511733  
