7.163230178e-14  
1.175904968e-08  
5.30444908e-09  
-0.001012397225  
-0.001386396996  
0.001955180762  
-0.002907493897  
-0.008438869422  
-0.006157705916  
0.005472364956  
0.009408675797  
-0.002989810279  
-0.005724917275  
0.00893554755  
-0.001644082063  
0.00113105977  
0.005038885497  
-9.252586859e-05  
-0.001301313342  
0.005107528882  
0.0005116700269  
0.00986332328  
0.004105800947  
0.01579337953  
0.002790940206  
-0.002826261027  
-0.006035099803  
-0.001192544255  
0.006230764336  
-0.003527579394  
0.002956180309  
-0.0047716624  
-0.002901607612  
0.009622100963  
0.002719828633  
-0.0001863186617  
-0.001110256304  
-0.005323057761  
0.01106030158  
0.000433825019  
0.007221629899  
0.004079164803  
-0.005339916797  
0.003977041857  
-0.009365378143  
-0.003179499653  
-0.01112221109  
2.668075121e-05  
0.005169523477  
0.007463916671  
-0.002649223094  
-0.002789076976  
0.005240306766  
-0.003907308391  
0.007166791984  
-0.002262767108  
0.000760349893  
-0.00153308349  
0.0007764916968  
0.005518828163  
-0.003081798765  
0.02235918443  
0.006348137677  
-0.008363901142  
-0.003088104784  
-0.0003774863265  
0.001362013765  
-0.0003841164931  
0.001418010074  
0.007420639677  
0.006164265871  
-0.003541588716  
0.00801894042  
0.003023807195  
-0.009491669563  
0.005108129312  
-0.00115683196  
-0.009967892893  
-0.001881460455  
0.006629858837  
0.01045017516  
0.0003255843338  
-0.001507416921  
0.003390681225  
0.007881325408  
-0.00816618918  
0.00177584905  
-0.002779655492  
0.01151022236  
-0.01341733116  
0.00222719082  
-0.006382178873  
0.008498048904  
0.002517319926  
-0.002858139317  
0.004764776658  
-0.01155007571  
0.002726215335  
-0.001396960133  
0.0068075314  
-0.007549301797  
-0.005596807914  
0.01482937704  
0.00245857564  
0.01040200939  
-0.002538256631  
-0.01206984313  
-0.01226297353  
-0.01095828707  
0.002807015909  
0.01331312292  
-0.006329642835  
-0.000316683627  
-0.004846650927  
0.001238481336  
-0.001474895755  
0.001870178584  
-0.007684625251  
0.01021324259  
-0.001498888091  
-0.002681844323  
-0.008803436364  
-0.0022856635  
-0.007837815721  
-0.005431484342  
-0.009459595635  
0.001724819177  
0.009605625788  
0.001125623345  
-0.01783146885  
0.001068690329  
-0.002528548984  
0.01812875536  
0.007847054082  
-0.004973193641  
-0.005272311128  
-0.01621692008  
-0.00519796281  
-0.007272233868  
0.0103581869  
-0.001892909434  
0.02615733847  
0.005824536157  
0.005779763243  
-0.008303393519  
-0.02409027917  
-0.007467250997  
0.01042671175  
-0.001164368519  
-0.00953807432  
0.004612452522  
0.004300799687  
-0.001901033097  
0.004505914356  
-0.006444148603  
-0.007076840176  
0.005366999384  
-0.008572894516  
0.007608269547  
0.00571475374  
0.0164029757  
-0.008888169404  
0.004674444153  
-0.006550542412  
0.0003724955969  
0.0004440839792  
0.0120072771  
0.01155508039  
0.005145151974  
0.007305506364  
0.01019285289  
0.002286411041  
0.000407104666  
-0.003852661459  
-0.001499558636  
0.009513597758  
0.005767056617  
0.01811268691  
0.003028515234  
0.003373891195  
-0.005150990107  
0.00315021237  
-0.004103126143  
-0.02229734338  
-0.0005259932805  
-0.009300310585  
-0.01263139582  
0.0100363112  
0.002759852153  
0.002328054614  
-0.00767501227  
0.007778997416  
-0.001508217924  
-0.0003855539508  
-0.0001391441137  
0.002954578444  
-0.0006052434775  
-0.008249747311  
-0.004325566113  
0.002864443746  
-0.002948213236  
0.002694979236  
0.01426256355  
-0.001156961835  
-0.006653061622  
0.0002798084766  
0.007964509363  
0.009733613609  
-0.009798589521  
-0.0005494838151  
-0.0123059752  
-0.01918838107  
0.01167331447  
0.006655484798  
0.001863954876  
0.01103031653  
0.01031434311  
-0.006477069125  
-0.01017441585  
0.001146929139  
0.01721833584  
0.00470230728  
-0.01355171058  
0.009508484006  
0.005174806272  
-0.007873575359  
-0.001595033831  
-0.01457278972  
0.0155352793  
0.01099519169  
0.01382487095  
0.01037206403  
0.004649952287  
0.01021706453  
-0.0005629375621  
-0.005284489582  
-0.001447010589  
-0.002862383658  
0.007366323338  
0.008699401695  
-0.003757117317  
-0.002294154264  
-0.01947407979  
-0.005297407094  
-0.01419447837  
0.0005594082832  
-0.007142556718  
-0.003502812306  
0.001225272194  
0.01092516261  
0.01719951505  
0.01933849505  
-0.01414919399  
-0.004683567893  
-0.01383752256  
0.001165749533  
-0.0172626538  
-0.00710128441  
-0.004566859769  
0.005082309233  
-0.001836076336  
0.002448166776  
0.004022437942  
-0.01583803033  
-0.004707030832  
0.01617632689  
0.01267531582  
-0.001407620618  
0.006916077037  
0.002018533998  
0.003459121798  
-0.01405476781  
-0.02018409071  
-0.00248843693  
0.01174383453  
-0.01606638839  
0.01561946012  
-0.004144197222  
-0.009580585281  
0.006474395022  
0.01723391712  
0.009650670179  
0.01010340124  
0.007134389266  
-0.01729441635  
-0.003335683773  
-0.00247856454  
-0.002871572033  
0.01595375511  
-0.01572279579  
0.003285593118  
-0.009593657014  
-0.007323208537  
-0.01135296829  
0.01736570378  
-0.005022960947  
-0.003279178111  
-0.01679714207  
0.005015723537  
-0.01221966145  
-0.01183501005  
0.008171145044  
0.0001468919258  
-0.008097618027  
-0.01138826008  
0.01206524826  
0.006387012468  
0.002903103169  
-0.01292021263  
-0.02758951958  
0.02279235821  
0.0008039060638  
0.01491550125  
-0.001063386097  
-0.0004440508324  
0.0001722638362  
0.01032648934  
0.03100524431  
0.007503279135  
0.01166130364  
0.005886266583  
-0.01464484283  
-0.00700787441  
0.003584559272  
0.0008697384668  
-0.02462240528  
0.007623492133  
0.00186479166  
-0.001547059583  
-0.02506218044  
0.008852418275  
-0.006309089104  
0.01615935011  
-0.01027947836  
0.008336343007  
-0.003599191807  
0.005822071509  
0.0006771092927  
-0.01554024916  
-0.007190208725  
0.004086858461  
0.006085958322  
0.002946081311  
0.005518812313  
-0.005849589903  
-0.01551418711  
0.009438263762  
-0.001975049874  
-0.002569382974  
-0.02062308829  
-0.00169492971  
-0.006916694995  
0.01647555109  
0.01188868796  
-0.001082736002  
-0.01662969586  
0.002921497948  
0.003971126703  
0.01582868884  
-0.03091105872  
-0.001289095977  
0.01306484506  
-0.005763838843  
0.007177859971  
0.006726098252  
-0.01531241575  
0.01044474077  
-0.01830662097  
-0.01122969309  
-0.004206190031  
-0.000950215342  
-0.01868785515  
-0.003201798644  
-0.002741664879  
-0.00715212625  
-0.01393960407  
0.01947333634  
0.01294860996  
-0.008807796767  
-0.007173177503  
-0.01149993172  
-0.02986063287  
0.006754060597  
0.02175944208  
-0.0170525521  
-0.01762707141  
-0.01048818432  
0.0183006086  
0.02480233576  
-0.008923217356  
-0.009775163629  
-0.003864487268  
0.02440223786  
0.007470177318  
0.02354997415  
-0.02288855307  
0.006717696025  
0.01255435076  
-0.01978703995  
-0.00132011796  
0.01721712061  
0.004262398342  
0.01418894142  
-0.02216189313  
0.01205555069  
0.0272910629  
-0.01071816779  
0.01792093649  
-0.0114523411  
-0.001063647112  
0.02297571612  
-0.008015243712  
-0.002921670454  
0.007882064068  
0.02776227091  
-0.00033933023  
0.04361694247  
-0.03517981861  
-0.01041328297  
0.01125312094  
-0.00949498246  
0.05230642475  
0.02464868589  
-0.02830456608  
-0.01895300671  
-0.01151724573  
0.02517604754  
0.01576033169  
-0.01185554683  
0.006873045772  
0.006568106545  
0.04423506222  
-0.05459442529  
0.0579816518  
0.06027257653  
-0.02423424536  
-0.03952254589  
0.01082422151  
-0.07843351956  
0.07463177495  
-0.02608686435  
0.02796051763  
-0.06423573552  
-0.05193806757  
0.02627466978  
-0.03006051828  
-0.04194583555  
-0.08748219667  
-0.04090386306  
0.08814225501  
0.06882914047  
-0.05651330204  
0.08194713307  
-0.09652707001  
-0.06267848143  
-0.1718393647  
-0.1813823646  
-0.007354228685  
0.170353589  
0.05083332254  
0.026269636  
-0.03530155649  
-0.4107665848  
-0.1071472931  
0.8531404521  
1.642873818  
3.400901166  
-1.871403592  
0.866064058  
3.484070275  
1.657171901  
-1.646956001  
11.64843405  
-2.629141656  
5.606759752  
-4.855391719  
-3.084662233  
1.19640788  
6.280626387  
1.876911787  
3.05915292  
0.6778635125  
3.387104364  
4.560554156  
-1.008868019  
-6.773771145  
-1.286900145  
-0.7478155454  
0.5643346314  
1.487875083  
2.924194993  
3.23505599  
3.628109578  
-2.859280006  
0.8239137075  
-4.558402427  
-2.21123434  
1.580344167  
-6.882603227  
