9.398134566e-14  
2.766604252e-09  
7.568288244e-09  
-0.000863527636  
-0.0005455478413  
-0.004358216134  
0.00138547673  
0.00930520681  
0.008174143854  
-0.007016366216  
0.0002852582535  
4.718095814e-05  
-0.0007450461163  
0.003004999129  
-0.007805104689  
0.0007627223096  
0.007348661204  
-0.003394193435  
-0.002728299549  
0.001462936892  
-0.00168932649  
0.00236933739  
0.003506143974  
0.001901294806  
-0.005429299618  
0.002928756484  
-0.001386723797  
0.002482333791  
0.0003645046503  
-0.00110902467  
0.003555920342  
-0.0003477179418  
0.0009745088167  
-0.003092002951  
-0.01119420574  
0.002863213786  
-0.004761806849  
0.0008488133637  
-0.0008647042577  
-0.002183342432  
-0.001953610303  
-0.005394668828  
0.001767083326  
0.0009908987486  
0.001908390492  
-0.0007187507623  
-0.005970476737  
0.005077129997  
0.001449956084  
-0.002667319765  
-0.001112615431  
-0.0003284929266  
-0.008265531452  
-0.002261803086  
0.00090185691  
0.003070865683  
-0.00758645593  
0.00301793655  
0.0002215326573  
0.004354136285  
-0.00265222639  
0.006212863829  
0.005476919692  
0.006930173101  
0.003344665331  
-0.001470273139  
-0.004113455885  
0.001086553773  
0.003094183957  
0.005530599214  
-0.007569920488  
-0.00267714669  
-0.003420983697  
0.007043594696  
-0.006988920223  
0.000105738383  
-0.004629359988  
0.001149015102  
-0.0006176837573  
0.005103652976  
-0.003047749126  
-0.008616937926  
-0.003106429254  
-0.002678484327  
-0.001312325587  
-0.005205521394  
-0.003455280031  
0.0002387547355  
0.0005849341447  
-0.0008205107828  
-0.00127187496  
0.005283325904  
-0.007214314092  
-0.002203700859  
0.002972999671  
0.002444835335  
-0.003598137688  
-0.001933762417  
0.00161099736  
-0.009867794229  
-0.01083042536  
0.001636932343  
0.004290710819  
9.972569872e-06  
0.001779540861  
0.002281814828  
0.009408216242  
0.005134575655  
0.0008833555277  
-0.006243028363  
-0.0002061369046  
-0.002958989196  
0.004636047366  
-0.005213443183  
-0.005908360123  
-0.001732668544  
0.002387748093  
0.004983368488  
0.000945782772  
0.002155824753  
-0.000504960497  
0.00293805353  
-0.006930912046  
-0.001717293085  
0.005816736184  
0.004859411344  
0.0001485859373  
-0.002134958877  
0.00488226541  
-0.001122985809  
0.004374637017  
-0.005928585235  
0.009785891815  
0.005603591821  
0.0001546436175  
0.0005158626698  
0.01002136095  
0.005597832813  
0.01266708416  
0.0007024826642  
-0.001114677185  
-0.0007635382889  
0.001626686217  
-0.003218700121  
0.00479487223  
-0.01135546634  
-0.002684843097  
0.001926377866  
0.002323554467  
0.0005825837807  
-0.000963410624  
0.00500846843  
0.003952047228  
0.01102397994  
0.001395048808  
0.0004953634531  
-0.008567547101  
0.007277524055  
-0.001589539368  
0.008731248114  
0.004461469845  
0.007654154506  
0.007165563895  
0.001638091532  
0.00394883624  
0.005409996681  
0.002462941844  
-0.0002296805701  
0.006610791667  
0.0002128243634  
-4.027499007e-07  
0.01070802586  
0.0005199681145  
0.004625969668  
-0.007641244687  
0.008499740291  
0.002857679047  
0.009701887732  
-0.005728455105  
0.004603645396  
-0.002856156919  
-0.003437251122  
-0.001024493427  
0.01625020028  
0.001198255246  
-0.003740103584  
0.002220507425  
0.001539762339  
-0.008718540117  
-0.000535071361  
0.001290628683  
0.001177402415  
-0.003030132839  
-0.0006624999809  
-0.004629041371  
-0.003020535212  
-0.0008421419447  
0.0006764144928  
0.003848877778  
-0.0111465871  
0.004858279479  
-0.003113726543  
-0.00348115625  
0.004524695421  
0.0001050180266  
-0.001735918841  
0.005605597614  
-0.006029269557  
0.001434329411  
0.006033499183  
0.009211117663  
-0.0009874331732  
8.695950354e-05  
0.006758041449  
0.002334399007  
-0.003125277029  
0.007105065114  
0.001039154844  
0.008786170167  
0.002988439623  
0.01111066741  
-0.001415635058  
0.004083691984  
0.003457981841  
0.008507928348  
0.002544239411  
-0.002727043924  
-0.007339661292  
-0.001081682451  
0.009418803399  
-0.007410619605  
-0.0002990925136  
-0.00140107489  
-0.007849847454  
-0.006857520722  
0.005366533776  
0.01038011278  
-0.01053111482  
0.02008517133  
0.004670026681  
-0.0001282498809  
0.005592612631  
0.008512002266  
0.001880495646  
-0.007151882084  
-0.004826021048  
-0.002608398611  
0.01348139994  
0.008478630366  
0.007680824215  
-0.003223140598  
-0.01882384446  
0.003721827624  
-0.003839340799  
-0.01059811352  
-0.005146589065  
-0.01625514787  
0.009368875984  
0.001396466936  
-0.008763542629  
0.003324813356  
0.0005061847608  
0.004353652561  
-0.01255279266  
-0.003138006881  
0.01017404507  
-0.0004172296511  
0.0005127864911  
0.007322442767  
-0.0004116966228  
-0.001044866115  
0.004116069421  
-0.005961296362  
-0.006805672348  
0.002546106564  
0.005152394906  
0.004169684847  
-0.009544872658  
-0.007887692892  
-0.005286026309  
0.007409910322  
-0.0019577116  
-0.0002464882542  
-0.003919470726  
-0.01229347804  
0.003487455014  
0.01056028473  
-0.009617952247  
-0.01090126388  
0.003319833485  
0.009073943556  
-0.01157886617  
-0.008532576251  
0.0001712015689  
-0.0004705041932  
0.0005816366174  
0.00329741196  
0.01181624008  
-0.001097458783  
0.004617236878  
0.005406412438  
-0.003501764145  
-0.003030431511  
-0.003670408398  
-0.01105273047  
-0.01290161826  
0.01635831973  
-0.01004348321  
0.002568639738  
0.004777745035  
0.005231923434  
-0.004624311561  
-0.003202193006  
-0.0113274647  
0.002961919366  
0.001822729331  
0.01149727868  
0.005134511748  
-0.01325003766  
-0.007213052369  
-0.014625991  
-0.002199854478  
0.005314737724  
0.002210406183  
0.008937587977  
0.01269081051  
-6.60049017e-05  
-0.004953100217  
-0.005309697003  
-0.008398870225  
0.02072214262  
-0.0142676772  
0.01196735358  
-0.01537018056  
-0.004117842987  
-0.00256203031  
0.007422434701  
-0.0002830469725  
0.01329251913  
-0.002911958803  
-0.00177222026  
-0.0154792174  
-0.002304009669  
-0.003143076658  
0.003632936884  
0.005696116508  
-0.009796056331  
-0.01592564486  
0.003763171167  
-0.0009371950235  
0.01438376346  
-0.01233596699  
-0.003988227921  
-0.00320668491  
0.005156572215  
-0.004596522023  
-0.01309788283  
-0.005439906794  
0.01442216763  
-0.002315810753  
-0.001334654393  
0.01472462954  
0.009629897484  
-0.005682744298  
-0.0002633356284  
-0.001832427586  
0.01141610616  
0.01520765347  
0.01519476023  
-0.001565852662  
-0.008193318842  
0.0161054683  
-0.004537095267  
0.001969199415  
-0.003319808433  
-0.009209555239  
-0.01651378243  
-0.008575342804  
-0.01914334794  
-0.01256570894  
-0.01609595532  
-0.003492835147  
-0.004050352897  
-0.003690125217  
-0.01103849247  
-0.002310817213  
-0.008165193163  
0.01295719609  
-0.01984316736  
0.01438293173  
-0.01081133335  
0.01930716246  
-0.02200930605  
-0.00679678516  
0.007905131211  
0.009561730231  
-0.006952805778  
-0.007177723386  
-9.661648533e-05  
0.02190757411  
-0.0003060043716  
-0.001952450509  
0.01049148676  
-0.02315276504  
0.009837554003  
-0.01399622508  
0.008327906472  
-0.01208203427  
0.008463634337  
-0.002954475258  
0.0283035049  
-0.001766086092  
0.00931590662  
0.01093987095  
0.03064057276  
0.008812616688  
-0.0157522  
-0.05521078573  
-0.01654716451  
0.01792780612  
0.00884952095  
0.01154194299  
0.002929773347  
-0.02164105629  
-0.01783551443  
0.01694235251  
-0.04063446586  
0.03288038851  
-0.01181153622  
0.03435724073  
0.002913526231  
0.004807399997  
0.02023393883  
0.006162303442  
-0.004688690188  
0.02345065768  
-0.06412529362  
-0.04120552183  
-0.01844447955  
-0.01342945643  
-0.007799131355  
-0.01682300225  
-0.00125567473  
-0.007166319606  
0.02429752241  
0.03540476343  
0.153793511  
0.02240217224  
-0.02422696251  
0.02066519228  
-0.002828526976  
0.02300026595  
-0.0366141072  
0.02750596163  
0.03129676845  
-0.01323582144  
0.02988820566  
0.01090669835  
0.03057016129  
-0.05585676095  
-0.07478288292  
-0.08053177816  
0.02275062059  
0.06719584833  
-1.123030902  
2.148755353  
-0.1823606567  
-0.693976234  
2.412821121  
-0.3180383753  
2.318825176  
0.2304106408  
-0.3600095961  
1.417056138  
-0.1453910233  
0.408855852  
0.4555917409  
0.4652385665  
0.4392193689  
0.07020794557  
-1.967574451  
-0.7350764511  
0.3106176074  
4.233147757  
-0.775464923  
4.574828701  
-2.093694522  
3.391962795  
-1.310564064  
-2.261681466  
-0.5285662517  
-0.6738712226  
3.059420802  
-1.454395469  
0.1074159882  
0.8620300583  
-2.864719519  
12.44498666  
-15.31583041  
