-1.95984912e-13  
7.20356698e-10  
-1.745373858e-08  
0.0007892769464  
-0.00115846189  
-0.0002279604595  
-0.005853952324  
0.0040497694  
-0.0001507515763  
-0.002877524775  
0.0004940307788  
-0.001746470925  
-0.0001660741531  
-1.065974043e-05  
0.002131824556  
0.007417586994  
0.006278454182  
-0.003311194819  
-0.001306953937  
0.001822178719  
0.0005767195573  
0.006960051549  
-0.01007833629  
0.001344329715  
-0.004312070939  
0.0008000714547  
-0.001300308576  
-0.000333419711  
-0.002823266285  
-0.003122040728  
-0.004142487234  
0.002672661099  
-0.0009010672874  
0.003784302837  
-0.0006615752339  
-0.0005433198322  
0.0005425063033  
0.00248614748  
-0.006009001727  
0.00150513367  
-0.00522848198  
-0.000526967261  
-0.002997439259  
-0.00346029234  
0.002621391258  
-0.001818592703  
-0.001298157181  
-0.002975719717  
0.00223136286  
-0.0007618110156  
-0.001659048315  
0.006757392007  
1.037764434e-05  
-0.0006292779863  
0.003548154193  
0.007368734523  
0.004936501773  
0.0009238055322  
-0.008241743382  
-0.001762346063  
-0.004943268023  
-0.006822350751  
0.00115703241  
-0.001480598252  
0.0021790214  
0.00755244348  
-0.002495228761  
-0.004031671271  
0.002285355391  
-0.008897023249  
0.001251200763  
0.00279378763  
-0.007640475706  
-0.00838803708  
0.002678048724  
-0.003972993175  
-0.0005246325027  
0.001061698577  
-0.002268432756  
-0.002081669186  
-0.001934886269  
-0.001983948533  
0.003597851978  
0.0006915199532  
0.003736870898  
0.004074058635  
-0.001394696341  
0.004550461273  
0.003367848019  
4.172065966e-05  
0.005364688888  
0.001147166255  
-0.002622992974  
0.00207440482  
-0.002199337344  
-0.001227151839  
0.005947028919  
-0.006823171561  
-0.00329829248  
0.00630256855  
-0.001355462349  
-0.002606168225  
0.004377641841  
-0.003374758568  
0.004615127781  
0.0006749337878  
0.009451035384  
-0.0001199578116  
-0.00353002376  
-0.002297021147  
0.001477849396  
-0.0166275419  
0.0004881508475  
-0.005944919393  
-0.001507364211  
0.00302948793  
-0.0005292452001  
0.001308082926  
-0.005670335366  
-0.0001162066085  
0.001623322598  
-0.0009765840363  
0.00188776115  
-0.00956353608  
0.01048695069  
-0.006062141775  
0.003285634079  
-0.003577737025  
-0.006203839269  
0.001590647012  
-0.002693158649  
0.005733695519  
-0.006030559024  
-0.003550723397  
-0.002747861936  
0.002262689587  
0.002050067051  
-0.0004533281609  
0.002447182536  
-0.00025892348  
-0.0006622143869  
0.001966737678  
0.001896509964  
-0.006724600965  
-0.001253723864  
-0.002237290324  
-0.004986150148  
0.009310282394  
0.0008592250979  
0.003468164983  
0.0003413707307  
0.00119979043  
-0.004528719213  
0.006936979453  
-0.006093005255  
0.001057890387  
0.007165490755  
-0.0042547221  
0.0007053075652  
0.006174750649  
0.00402985219  
0.002903734495  
0.0009324006148  
-0.0008285575482  
-0.001035523569  
-0.001946879218  
0.001396931171  
0.002107228904  
-0.005052222347  
-0.003861869488  
-0.004780789595  
0.0006669161042  
0.01061318677  
-0.001731055165  
-0.006415365652  
-0.0006239146826  
-0.003481986267  
0.005391925683  
-0.00178950669  
0.003965739937  
0.005927569608  
-0.0071363132  
-0.005897585606  
-0.003207234137  
0.00764532819  
-0.002913696262  
-0.004104831997  
-0.004053427842  
-0.004519806029  
-0.002446278677  
-0.001045004413  
-0.004605482251  
0.001935804086  
0.00154443279  
0.006592822028  
0.00293104127  
0.000847848401  
-0.0005209461584  
0.002739319336  
0.005263255112  
-0.00565505731  
-0.001291890208  
0.00508210665  
-0.008301002988  
-0.001379318201  
0.006581537402  
-0.0001274357907  
0.00177966203  
0.009038368326  
0.0003526899449  
0.004408592297  
-0.006033624409  
0.001510783591  
0.001413017448  
-0.0008784128849  
-0.003144818439  
0.00222629629  
-0.003096236064  
0.005745200075  
-0.008774525295  
-0.008997077126  
-0.003626644018  
-0.002531933381  
-4.769641552e-05  
-0.007975181274  
0.001184787642  
0.004312144897  
-0.005442951734  
0.005132953243  
0.003572271364  
-0.01571200586  
-0.008608352458  
0.004017257768  
-0.003240580964  
-0.006416287138  
0.001842645135  
0.003748894594  
-0.004016730746  
0.006276741796  
-0.002756987864  
-0.003622717461  
-0.009069246517  
0.002231034281  
0.002191033059  
0.006422045605  
0.005392305732  
0.00938371496  
0.003258629563  
-0.006981877186  
-0.00160417205  
0.002465115147  
-0.0005828409989  
-0.0007407885756  
0.0002732030846  
0.007529053173  
0.007613619372  
0.003420518045  
0.001681421816  
-0.003358872047  
0.001769012328  
0.00198088397  
0.001844504203  
-0.005189170266  
0.001725919981  
-0.001753528333  
-0.00710122375  
-0.001566863775  
-0.003181954926  
0.003743425733  
-0.008534114324  
-0.006425504846  
0.001408824487  
-0.001335545731  
0.0009120451632  
0.01167209046  
-0.00598005978  
-0.006610915708  
-0.0008014723396  
0.007081172238  
0.01370984636  
0.009165445527  
0.00995060889  
-0.003256018968  
-0.004053081533  
-0.001371928524  
-0.007613871194  
0.0006686615256  
0.002760865412  
0.001234860613  
0.01317454976  
-0.002002702825  
-0.01449338305  
-0.004266850347  
-0.001520121482  
-0.000425832705  
0.001702276795  
-0.003891242771  
-0.006253616112  
-0.002012864594  
0.007482500753  
0.001965065142  
-0.0008778631407  
-0.0006173256727  
0.01368179946  
-0.002489258276  
0.007413765842  
-0.004892686177  
0.009108833668  
-0.007462997903  
-0.001045771701  
-0.0007836823438  
-0.002437489352  
-0.01353012478  
-0.008043471675  
-0.0008950666979  
-0.004374563131  
0.00498321773  
0.001045199404  
-0.002557838848  
-0.002186255937  
0.005577443153  
0.0001890001818  
-0.002386298482  
-0.004376057564  
-0.001040842427  
-0.009358794268  
-0.004963828676  
0.001783411876  
0.001472308977  
-0.007905519963  
3.448325203e-05  
-0.01924149289  
0.001533933494  
-0.001149514889  
-0.004776721129  
0.009948247935  
-0.0128331512  
0.01285856029  
0.007144159909  
0.005757395056  
-0.003389724375  
0.006634837581  
0.0004294723527  
-0.008488409093  
0.00437353546  
-0.0005382393217  
0.01028543351  
-0.005538008686  
-0.009533293774  
0.007522169036  
0.01074986948  
-0.007699976298  
0.00929071238  
-0.00373678737  
-0.002564002634  
-0.01789594655  
0.001386713942  
0.0002774920894  
-0.004823428913  
-0.01256972383  
0.006258203574  
-0.006408367198  
-0.0008274107576  
0.008412367391  
0.01036284743  
0.007276173661  
-0.006183092142  
0.006767230669  
-0.0006057915311  
0.0006061299233  
0.001156591451  
-0.005295274334  
-0.001933144672  
0.006600724057  
0.000230352713  
-0.002579522752  
-0.005254370306  
-0.007291371312  
-0.006212915452  
-0.00175952481  
0.001078867968  
0.01144059851  
0.003092989729  
0.01244927692  
-0.009302263  
-0.02253668696  
0.01680682902  
-0.01617759738  
-0.001031763524  
0.01275162447  
-0.007185225607  
0.0007540984243  
0.004702413394  
0.01767811032  
0.001023076836  
0.008826860694  
0.01482880611  
-0.006030904888  
-0.004850852182  
-0.005502435556  
0.002805918895  
0.01563038029  
-0.003021233479  
-0.01670033188  
-0.002594184531  
-0.009879421475  
-0.0007437549894  
0.01413587234  
0.002609337057  
0.01486701195  
-0.007933305796  
0.00832493534  
-0.004439681153  
0.03162949443  
-0.01102188819  
0.003328055272  
-0.02538615654  
0.02477477909  
0.0280030875  
0.007926185848  
0.004044358214  
0.007188665628  
-7.869395167e-05  
0.02677765723  
0.007942537741  
0.01175904005  
0.01009964976  
-0.001357513386  
0.006015991375  
0.02361911558  
0.00777368008  
-0.00396724062  
0.02619633031  
0.01195669091  
-0.0180606803  
0.01344309951  
-0.01854795881  
-0.03146212366  
-0.01484373261  
-0.04106565846  
-0.007335281181  
0.00456928543  
0.02548800564  
0.08062347215  
0.02694687085  
0.004400919097  
-0.05465339371  
-0.0114599456  
0.01314513758  
0.02011976553  
0.01966565514  
0.006342238436  
0.02650927545  
0.066708417  
-0.02790928484  
0.02318576327  
-0.01729893284  
-0.104686235  
0.0658592884  
-0.007179537322  
-0.08387777933  
0.01072944351  
-0.1886511522  
0.04008566731  
-1.012446636  
1.052777478  
1.303775111  
1.800805306  
1.640200999  
0.1767479938  
0.4476076829  
1.415765896  
0.5665068265  
0.2514015547  
-0.8041798076  
0.5384247301  
0.8148748946  
0.7595793227  
0.9451925889  
-0.01386099027  
0.7233484623  
1.581442097  
2.377137391  
-1.884202704  
1.027061669  
0.1602072342  
-3.965981879  
9.786444248  
-0.3931109538  
3.841486986  
-0.1391440841  
2.417185905  
-3.084253723  
1.90833204  
-3.700508389  
6.617647575  
-4.546601563  
-15.45928933  
2.596677147  
