1.287119134e-13  
-1.866024549e-08  
1.26129441e-08  
-0.0002564281453  
-0.001560273708  
0.001813302791  
0.004498901635  
0.006584736395  
-0.01377799049  
-0.00178471867  
0.004178389774  
-0.003501082792  
0.008631396277  
-0.002035456409  
-0.0108306192  
-0.002641914263  
-0.004936126047  
-0.009173687803  
0.002703492461  
-8.135617654e-05  
0.007744065403  
-0.01119763715  
-0.007755594319  
-0.01141413419  
0.003120524204  
0.001973085087  
-0.001288409477  
0.0006925755759  
0.002137751598  
-0.005820779666  
-0.001914120148  
0.004037193329  
0.003480228943  
-0.004763981729  
-0.01444260425  
-0.005405755975  
0.008471425116  
0.003171828868  
-0.007500795173  
0.009819921545  
-0.004036570704  
-0.001236769005  
-0.001988693495  
0.01451688068  
0.004607647531  
-0.002114632867  
-0.0003559376071  
-0.007653639434  
-0.005889683804  
-0.001768476512  
0.009125793918  
-0.001902845519  
-0.009130962774  
-0.003172330732  
0.0006039495067  
0.001301693901  
0.005981602885  
-0.005919049297  
0.001618952796  
0.001507389917  
0.001432251862  
-0.006595136105  
-0.002774565079  
-0.001305161566  
0.01089396624  
-0.01207462203  
0.003770310494  
-0.006766022583  
-0.0006511592813  
-0.002560681109  
-0.00527883963  
0.009795108408  
-0.001034188831  
-0.005207041247  
-0.0007794125762  
0.003919591084  
-0.003213085584  
0.008640651868  
0.01273072069  
0.005780515415  
0.005393602672  
0.001676604796  
0.005956035204  
-0.005132972715  
-0.004757248916  
-0.004403384538  
0.006496231882  
0.0002073609114  
-0.006034448681  
0.001840531767  
-0.0002262354353  
0.002703636312  
0.0006445516762  
-0.00139563731  
0.002062802587  
0.0006519791683  
0.002227854104  
0.0001037648213  
-0.005867951996  
0.002465372867  
-0.0006873564031  
0.009729160322  
-0.002020288134  
-0.0009403228962  
0.009579039616  
-0.008617938447  
0.002198996453  
-0.001105705401  
-0.002559624758  
-0.002894390754  
0.0008683917398  
0.01161948778  
0.002653860184  
0.003906679865  
0.004398938607  
-0.006407030814  
0.0001407798367  
-0.01210819183  
0.004573708645  
0.004678585176  
-0.008840521416  
0.00382546632  
0.005537618464  
-0.006566122704  
-0.002954735218  
0.01776136073  
0.009417082554  
0.008845563978  
0.01236038886  
0.008758003769  
-0.00278971182  
0.001183641276  
0.005683402931  
0.006404996015  
0.001635579949  
-0.004053866311  
0.02112893764  
-0.00300246757  
0.008104685092  
-0.002481330142  
0.001995619797  
-0.004089859167  
0.01007811345  
-0.0007734367869  
-0.004898608652  
-0.0001787216765  
0.001425358513  
0.004385850396  
-0.009591326949  
-0.000645248653  
0.004173415809  
-0.00983313245  
-0.006806279456  
-0.001572948494  
-0.008706203388  
0.002539503779  
0.00670725409  
0.004834623481  
0.01221203597  
0.003230755754  
-0.00032707266  
0.002525897243  
0.007119913832  
0.005338134627  
0.00156077624  
0.01742944618  
0.008611514083  
-0.007028517342  
0.0003310950997  
-0.006140043494  
-0.0006939531554  
0.0002305399661  
0.0009234775178  
0.01306778525  
0.003385755725  
-0.0001847828745  
0.001081918277  
0.004428748797  
-0.003764011334  
0.00558976366  
0.005226243748  
0.01096461669  
-0.004626276151  
0.009516027832  
-0.006823252782  
0.001772948814  
0.011912544  
0.0008582026925  
-0.01148554522  
0.02090694428  
0.002329821604  
0.004884795295  
-0.005006492429  
-0.001967604695  
0.02000389574  
-0.0006869993731  
-0.001352936643  
0.002435468402  
0.01199947518  
-0.0002116438501  
-0.007071403889  
0.006004058622  
-0.01132901901  
0.007357716513  
0.006142100241  
0.001756474565  
-0.007851394072  
-2.410414568e-05  
-0.0135640447  
0.002123408805  
-0.002459293427  
0.006467554894  
-0.003778098884  
0.001273291003  
0.003503452766  
0.001074452905  
-0.02061212844  
0.0005107718835  
-0.01615536859  
-0.003653792388  
0.004583989855  
-0.009238954665  
0.006529941569  
-0.00436235889  
0.001648898453  
-0.01141155452  
0.01266623167  
-0.006582231564  
0.01214256552  
-0.002219133738  
0.001152392769  
-0.005692395584  
-0.007645084605  
-0.001588654864  
-0.008699447722  
0.01863122867  
0.004575916228  
-0.01464568223  
-0.01554533293  
-0.005043816298  
0.0002770191738  
0.0007070056694  
0.0149456915  
0.0123805872  
0.00483482721  
-0.01188976406  
-0.002004767346  
0.006619857979  
0.00621830979  
-0.003884109964  
-0.00505838392  
-0.009025109919  
0.002448714526  
0.0004547289935  
-0.001835207219  
-0.003156730083  
0.0106701413  
0.01212490741  
-0.004944086791  
0.0002967910567  
0.02338383343  
0.00236434207  
-0.005174524514  
0.002441954664  
-0.001103136683  
0.006286454298  
-0.01749924105  
0.004165119073  
0.01181436491  
-0.0005838755773  
0.01164129298  
-0.006578848823  
-0.000742233587  
-0.01575211862  
0.004803128832  
0.003281697518  
0.004033929402  
-0.004080140252  
0.007790143321  
5.785017569e-05  
0.00362045457  
0.01634907862  
-0.004241670627  
-0.00767151779  
0.0002354189182  
-0.03275134628  
-0.01079790346  
0.007106961357  
0.0151915747  
-0.005769700112  
-0.002161818736  
0.00378518233  
0.01071665697  
-0.01923052423  
-0.01294569258  
-0.002790178009  
-0.008286853903  
-0.006914031234  
0.002344987308  
-0.01635930228  
0.01168810669  
0.01650728522  
-0.007738226852  
0.006241433973  
0.02127137078  
0.008037772896  
0.001357986915  
0.006987491936  
0.01296485744  
0.005137493949  
-0.00200469938  
0.01164273655  
-0.001136850794  
-0.008709732137  
0.02745740684  
-0.001844802875  
-0.0001617870305  
-0.01100821824  
0.006610543873  
-0.006892480026  
-0.01375792587  
0.004645603742  
0.01051287864  
0.002754080147  
0.01539044274  
0.02066904916  
0.01415996624  
0.005232223682  
0.009196789459  
-0.007524151544  
-0.02378941503  
0.02552036074  
-0.01043306298  
-0.006801864401  
-0.00579024658  
0.01742487565  
0.002413941002  
0.01391896268  
0.0002418630625  
-0.00936110021  
-0.013862626  
-0.01224948915  
-0.002745494758  
0.0260862385  
0.0143065056  
0.02542283209  
-0.01044718653  
0.004367088777  
0.04543058087  
0.02386013341  
-0.008039021034  
0.00516613651  
0.006027312396  
0.01472533936  
-0.001195331946  
-0.01435152118  
-0.003957541667  
0.01995362128  
-0.01131753922  
0.02323751536  
0.01012691815  
0.01054717599  
0.01531146304  
0.01684775311  
-0.0388671868  
-0.01336856291  
-0.01662173589  
0.03819990088  
-0.007557412782  
0.004829006114  
0.02540500203  
-0.00527774145  
0.02520888495  
-0.01079562981  
-0.00332673242  
0.000918596583  
0.001701742738  
-0.01064425655  
0.02288617677  
0.008990809127  
-0.03529518144  
0.005546025993  
0.003456428433  
-0.006171901409  
0.01775565075  
0.02658209213  
-0.00149979536  
0.001118529654  
0.02107643571  
-0.0001421845044  
0.004205370129  
-0.02553714888  
-0.01777390284  
-0.007355694359  
-0.04989642965  
0.0189974139  
-0.03335432616  
0.05816272046  
-0.001921835599  
0.03363357331  
0.01146028796  
-0.007692648985  
-0.006022369758  
0.02034277568  
-0.04152198319  
0.004249230876  
0.01411258874  
-0.01075616487  
0.01779375968  
-0.01854083257  
-0.01205914906  
0.01295340279  
-0.05201222706  
-0.04477166736  
0.02445336976  
-0.01523228315  
-0.03437322417  
-0.02469202766  
0.0104607638  
-0.0172968726  
0.002211353395  
-0.06342384981  
-0.004170894185  
-0.05353632198  
0.01878434782  
-0.005541055843  
0.05323396193  
-0.03390260901  
-0.02023109039  
0.007245892863  
-0.009113749984  
0.06905124023  
0.06194788169  
0.006477709404  
-0.05148355816  
0.009797190869  
-0.04459825855  
-0.09379737167  
0.002157776153  
-0.06590561101  
-0.003301258338  
-0.02720278378  
0.09068524981  
-0.00592855627  
-0.06740789477  
-0.01232658994  
0.1922579348  
0.1458387081  
-0.03420128459  
-0.02722066232  
-0.08348878319  
-0.06215632896  
-0.1636222142  
0.08464658635  
-0.0376924796  
0.01126739614  
0.1626345862  
-0.01303269008  
0.008247311073  
-0.02145588215  
0.04314181296  
0.08466876518  
0.1766340448  
0.543226342  
1.141842943  
-1.650220813  
-3.786413786  
-1.292797499  
1.491612681  
-0.3124519816  
-1.815094521  
2.662447472  
1.17122204  
-2.894742802  
-0.2851754515  
0.9500543776  
2.5239129  
1.889437408  
2.54930455  
0.8385944061  
1.009498378  
0.6361301907  
-0.5464010292  
-0.3561555606  
-0.8698117991  
1.327827514  
6.836813448  
1.854289244  
0.5505494691  
0.2177792791  
0.8168876284  
-0.05415017431  
3.174618221  
-7.052761593  
1.866959732  
6.902309928  
-1.429635842  
-5.074500886  
-15.57221839  
