-1.146293796e-13  
-1.246563971e-08  
-9.201639198e-09  
0.0008262196258  
0.00021796317  
0.001810626089  
-0.002357482794  
-0.003156917457  
-0.007563490192  
-0.0004656145253  
0.001557047422  
-0.007278383861  
-0.00600522253  
0.004343537146  
0.0004872949014  
0.008170063278  
-0.003670938965  
-0.0002953682691  
0.00775453465  
0.0004704575887  
0.006122281249  
-0.001786949667  
-0.004478984676  
0.001385898552  
0.001175773257  
0.001770380452  
-0.0008422304882  
0.002566861689  
0.003488140888  
0.005639842634  
-0.0001820662716  
-0.005739364854  
0.0004735189785  
0.0007932656499  
0.007501629597  
-0.006504174751  
-0.003821982455  
0.002551063778  
0.004620645627  
0.00240224976  
-0.001306747574  
0.0007222889006  
0.0033765909  
0.0128160813  
0.004199399649  
-0.003319734554  
0.008211842994  
0.005938434287  
-0.005210502566  
0.001212402809  
0.0004298467282  
0.01290767261  
-0.009250384725  
-0.008101319489  
-0.008410285576  
0.001622632834  
-0.0008840619917  
0.003682115446  
0.0001258988622  
-0.003538747208  
0.004126236612  
-0.004265174207  
0.001140390756  
-0.004090473478  
0.0004547618536  
-0.001729075702  
0.00205641678  
-0.003875942128  
0.008219101591  
0.0003126655626  
-0.001799386235  
0.01116436378  
0.003943586576  
-0.004202723012  
-0.01159566667  
0.005824014505  
-0.002688423943  
-0.01164861499  
0.001854555433  
0.002801995247  
-0.002521355402  
-0.0005623555015  
0.004332565593  
-0.005485403605  
0.007099963691  
-0.006179987197  
0.005491823403  
0.01034149989  
0.01273126621  
-0.004208957069  
0.006087320069  
0.003128405856  
-0.007036572516  
0.01199197439  
0.005552130169  
0.003038211168  
0.002796619688  
-0.002195223243  
-0.004755064397  
-0.004713835104  
0.003280903238  
0.00277896449  
0.001083895486  
0.001520327852  
-0.001842350771  
-0.005339037501  
-0.004345887767  
0.005729510228  
0.006619797775  
-0.001054253028  
0.001702762834  
0.004309707281  
0.007456261382  
0.004290430846  
0.005005079515  
-0.009094881889  
-0.007814252494  
0.0005292604669  
0.005978250661  
0.01269302623  
-0.003783425088  
-0.007674612711  
0.003794670406  
0.003413439154  
0.006868138773  
0.002118879202  
0.001158522521  
-0.002476731605  
0.00627178769  
-0.007149528951  
0.002596742187  
-0.006013826517  
0.00724313227  
-0.005084986009  
0.005517435813  
0.004319070209  
0.003265520923  
0.0003950838476  
0.003483663641  
-0.01194478707  
0.001333813786  
-0.002698114995  
0.01292338193  
0.006428037475  
-7.355069663e-06  
-0.006195146176  
-0.002600326033  
0.006184266675  
-0.005410948341  
-0.01211741018  
0.003621927144  
-0.01017209684  
0.003312685246  
-0.008680336953  
0.005579112274  
-0.01023196267  
-0.009344616844  
0.001656090382  
-0.001194555301  
0.0033606178  
0.007999983922  
-0.0002891497564  
0.009893810527  
-0.004806797757  
0.006621701866  
0.001513167716  
-0.006250740169  
-0.003544005033  
0.008432685836  
-0.00655596953  
-0.0005057633259  
8.34725381e-05  
-0.002796867621  
0.001739850564  
0.01333655457  
0.003064360408  
-0.01184903299  
-0.01040454802  
0.002197462298  
0.008233616267  
-0.008919633357  
0.002581018322  
-0.01968253529  
0.005829634273  
0.004935865827  
-0.008219640711  
0.01330283674  
0.007393758559  
0.00121932969  
0.003061993666  
-0.003294104689  
0.0003825595426  
0.002794658077  
0.01007509026  
0.01094736508  
0.004160481067  
-0.01512645534  
-0.002811354747  
0.002560203086  
-0.006492609095  
0.009122025216  
-0.008053210471  
0.006076048427  
-0.008888370978  
0.004958627534  
-0.002989602857  
-0.0001897318117  
-0.005081254809  
-0.004972455719  
-0.01149485149  
-0.007778762317  
-0.0004451609369  
-0.01112098087  
0.02076229727  
-0.008030344142  
0.001900267488  
0.004671954579  
-0.01234983743  
0.01060735832  
-0.005600784122  
0.002209680949  
-0.005656968027  
0.0122184237  
0.001250072719  
0.00532979599  
0.009599564243  
-0.0006575678378  
0.0002297814313  
-0.008195282951  
-0.01192457063  
-0.002270846048  
-0.009383170535  
0.005507339734  
0.01188265979  
0.009271328316  
0.0003693179624  
0.006305727721  
0.001772491196  
0.004473450481  
0.00406565722  
-0.01011783254  
-0.01000023684  
-0.004425091612  
-0.01083713941  
0.00863798576  
-0.01416281114  
-0.000237919696  
0.008611805309  
0.007382162116  
-0.001178429568  
-0.007974274365  
0.01097239273  
0.005678920567  
-0.006350818217  
0.002412202293  
-0.004044718903  
-0.004527763588  
0.003246554799  
-0.01116433304  
-0.003871702612  
0.005814057228  
-0.006406635851  
-0.0008064848548  
0.01393018091  
0.001236282189  
0.007633485791  
-0.002703056774  
-0.005200836585  
-0.008123372047  
0.006027343938  
-0.01070073952  
-0.002733401429  
0.002810700522  
-0.01151380178  
-0.00696717263  
0.003779018291  
-0.0008047227688  
-0.008844778886  
0.005109257241  
-0.01134175153  
0.01789223884  
0.001499508943  
0.008538538931  
0.0133405611  
-0.001120924172  
0.004431432763  
0.008215213047  
-0.01404713855  
0.01344190626  
0.01317109316  
-0.008431698563  
-0.01412068356  
-0.007502735214  
0.003746462367  
0.005609120342  
-0.009220441692  
0.002078620374  
0.002307290278  
0.004364328367  
-0.002683726913  
0.00447176297  
-0.001647811194  
0.003328249749  
-0.002233557446  
-0.006883435496  
0.007971898767  
0.0005602738398  
0.003083924023  
-0.006440590031  
-0.01317567268  
0.003472968956  
-0.0002351336761  
-0.003401174566  
-0.005996035443  
0.006646770959  
-0.00109960329  
0.01432388382  
-0.003933359473  
-0.004678588516  
-0.005628584301  
-0.02390269503  
-0.001557135044  
0.008902586472  
0.00113473158  
-0.002602050665  
-0.0001058432427  
0.005971756007  
0.007107085361  
0.01231200801  
-0.006204268384  
0.001109448593  
-0.007424075003  
0.005417989367  
0.007174637089  
0.0245209324  
-0.004422220034  
5.764271882e-05  
-0.001504038282  
0.009763577722  
-3.016796522e-06  
0.004031402942  
-2.685100818e-05  
-0.003766670908  
0.01699255121  
0.03680763366  
-0.01105743178  
-0.01311382995  
0.008803284222  
-0.01591267752  
0.02172075686  
-0.01453025768  
-0.0007652676114  
0.002319895874  
-0.01819410351  
0.0003114338412  
-0.02397009708  
0.02214754036  
-0.006830497568  
-0.01597298938  
0.0003114220221  
-0.003494744858  
0.0215834419  
-0.009249402255  
0.003842182334  
-0.01106572695  
0.0005502327143  
0.00260890048  
-0.006480905779  
0.01093555698  
0.01031553936  
0.01040008488  
0.002839418455  
0.0153919321  
0.02541832644  
0.00443901278  
0.008431994865  
-0.001435545286  
0.005932776486  
0.00137233394  
0.01003244303  
-0.007964267237  
-0.02093998767  
0.01320468551  
0.02914566053  
0.02525722408  
0.003488558396  
-0.006951024308  
0.0227078939  
0.01920182899  
-0.01224366557  
0.0108259103  
-0.02182202652  
-0.01037300529  
0.002387510681  
-0.0391165156  
0.01015152043  
-0.008445219535  
0.01930239315  
-0.01458596231  
0.01004612638  
0.0217177522  
-0.01071515351  
-0.02120769367  
-0.01709039002  
-0.02651594777  
0.01836588777  
0.02362656981  
0.01534280718  
0.004251855165  
0.03483194242  
-3.596579117e-05  
0.03795648095  
-0.02264866217  
-0.004507735078  
0.01736207069  
-0.04269859159  
-0.006911347001  
-0.03462011906  
-0.008005400202  
0.03407238177  
-0.01980242717  
-0.03421491436  
0.0324888224  
-0.02791836361  
0.01297205203  
0.001894372991  
0.02588011055  
0.01985007636  
-0.007593885224  
-0.02059566613  
0.04450134764  
0.006987353554  
0.05980421951  
-0.02710884423  
-0.01716095699  
-0.005012505097  
-0.007719074397  
-0.02096320905  
0.03002949825  
-0.04470621917  
-0.07871010198  
0.003233411672  
0.05447262135  
0.07362959372  
0.02456873898  
0.04735951259  
0.0288428944  
0.05703569309  
0.0971432401  
-0.1311475318  
-0.1302499175  
-0.07772663024  
-0.05946820965  
-0.05205819558  
-0.01472767301  
0.06564846511  
-0.01708496768  
-0.02657804666  
-0.02408242184  
-0.1347741737  
-0.1071331516  
0.147888704  
0.3037761511  
0.5595124064  
-1.7744689  
-3.193396883  
-1.033323136  
-0.5900759311  
1.928789576  
1.019255009  
0.8942598974  
-2.833751041  
1.771466613  
1.103740971  
1.576305578  
-0.3054215495  
-2.786756967  
1.710253895  
-2.904474433  
-1.291691338  
-1.643188665  
-3.665974541  
-0.7779908061  
2.47980678  
2.338301939  
4.507085706  
-0.7244524145  
-3.607308089  
0.308740366  
-1.089841887  
-1.116007437  
3.288867938  
-1.323539027  
-3.685965654  
-3.622287221  
8.979804836  
-4.433217447  
-10.23219848  
11.50904956  
