1.012470847e-15  
-3.282622031e-08  
2.306257142e-09  
-0.001864471062  
-5.955796338e-06  
-0.0006433374571  
-0.0001972889127  
0.0002137542119  
1.16024854e-06  
-0.007172134465  
-0.003299729573  
0.0002543717307  
-0.0003186923121  
-0.005915759034  
-0.00343075018  
-0.005505193251  
-0.006283265798  
0.0009511902078  
-0.002987815271  
-0.006401535632  
0.006516448432  
0.0001043711583  
0.002379534025  
-0.001749034903  
-0.003583508113  
-0.005140402934  
0.00308450104  
-0.00585680194  
-0.004668365958  
0.0007117401769  
-0.0004676595635  
-0.00309652952  
-0.005384755856  
0.004209623326  
0.001972496512  
-0.004456037043  
0.001033643003  
-0.006833152475  
0.008211677445  
0.00196339279  
-0.002235488956  
0.004882995364  
-0.0002468519557  
-0.003742576151  
-0.001400692429  
0.003957424678  
-0.006388794459  
0.003791206684  
0.001976427002  
-0.0009750228089  
-0.001468200938  
-0.007736518039  
-0.0009490331565  
-0.0003618069733  
0.007345667786  
3.276768827e-05  
-0.004970105575  
0.006638797427  
0.003625773131  
0.002917397927  
0.001738414447  
0.002832795753  
0.007880296203  
0.006227928954  
-0.0025743846  
-0.003676232683  
0.004620908969  
-0.004661372903  
-0.01386840778  
0.001651972911  
0.001809104852  
-0.00642727641  
0.006094435075  
0.003649482672  
-0.002682776593  
-0.004772783092  
0.004380559432  
-0.006789790217  
0.004425247023  
0.002999642983  
-0.0002895508358  
0.000823464792  
-0.007873470373  
-0.0001918145933  
0.001734539222  
-0.002409858978  
-0.0008092668507  
-0.003885120834  
-0.005156847781  
-0.0008013102512  
-0.001576938012  
-0.00409733366  
0.007112211231  
-0.005727714869  
-0.005263576084  
0.0009668089678  
2.650148309e-05  
0.007904049784  
-0.001049999519  
0.00169167598  
0.003674772529  
-0.001093162194  
-0.004409018277  
0.0004296398268  
0.0007944703967  
-0.0004548749081  
-0.0005554213734  
0.0008907946646  
-0.0008361530364  
0.005246739801  
-0.002305287671  
0.005815048669  
0.004494326752  
-0.0006073409313  
-0.003971023927  
0.005139648274  
0.003025407808  
-0.007142342685  
-0.004841387831  
-0.005000871178  
0.004298090899  
0.0006500146955  
0.003147188416  
-0.00528075732  
0.004007372387  
-0.002601040996  
-0.004620255751  
-0.0009922275544  
-0.00437542097  
-0.006125375162  
-0.0123092695  
0.004357281085  
0.002093079364  
0.005836870489  
-0.006015105479  
-0.001667651266  
-0.01278441417  
-0.008302228308  
-0.001358584993  
0.007157570214  
0.002524051872  
-0.001002270555  
0.001024666161  
0.00746390692  
0.002045093102  
-0.003196365339  
0.004971692371  
-0.001671184142  
-0.004463304524  
0.006623235648  
-0.003441001514  
-0.001132044517  
-0.007081785826  
0.01088782053  
-0.0006810640715  
-0.004396912413  
-0.0003115222101  
-0.003577529407  
-0.004754210313  
-0.001544342172  
0.01361106686  
-0.001291843748  
0.004995275569  
0.00230959288  
-0.003043647079  
0.004223879945  
0.001712639219  
0.007115494912  
-0.001691537479  
0.002312968554  
-0.001797877468  
0.007424889851  
-0.005276060211  
0.000204832939  
0.0004630490458  
0.005265879325  
0.005358591365  
-0.001100982064  
0.007326845851  
0.0001631712952  
0.0007767439814  
-0.005444439932  
0.01023564101  
0.001944023197  
-0.002042367668  
-0.00386029341  
-0.001517826059  
-0.004145252374  
0.003726260746  
-0.005306838208  
-0.006583365662  
-0.007310104011  
-0.0007721591928  
-0.003041245247  
0.008594845569  
0.005322023301  
0.009216866107  
0.01685595033  
-0.002566402709  
-0.0108242035  
0.002584541936  
0.001667880599  
0.004895878239  
0.003163722648  
0.00501220695  
0.009154313689  
0.001697423027  
-0.006283198669  
0.006646344618  
0.001648142174  
-0.001244646827  
-0.007187549262  
0.002100116839  
0.006742835786  
-0.008666699805  
-0.007086292071  
0.003946196452  
-0.009911074391  
0.004986841128  
-0.002067558891  
0.004118325649  
-0.002042713647  
0.001410636222  
0.004213738454  
0.008097117186  
-0.01413415437  
-0.002307733595  
-0.0003342274476  
0.004613263568  
-0.008810814675  
0.005736641421  
-0.01285992364  
-0.006024619053  
-0.001469063155  
-0.003321936673  
-0.007634494172  
-0.003794570827  
0.0003910733755  
0.007656509092  
0.004509873774  
-0.01167972723  
0.003023732156  
-0.01461937224  
0.000215589194  
-0.006877826207  
-0.002410556194  
0.0017723366  
-0.009739871528  
0.001014031932  
0.008974076117  
-0.001672577419  
-0.003049944277  
1.157510338e-05  
0.0002060039861  
0.004374358831  
0.004003891914  
-0.01052493148  
-0.01439380037  
-0.00284369062  
0.007679948492  
-0.01129917643  
-0.005549320406  
0.006826430385  
-0.004372738587  
-0.002025558752  
-9.756930577e-05  
0.007819716024  
-0.001113265681  
-0.002321374458  
-0.00352847146  
-0.004484216518  
0.000932497384  
-0.005164898332  
-0.01327223531  
-0.005984840568  
-0.001113929488  
-0.00519584069  
-0.01023292582  
0.004804696003  
-0.003656105693  
0.004595311556  
-0.003513201308  
0.004671521828  
-0.00854242932  
-0.008740473734  
0.003818795203  
-0.0004110208145  
0.001290955783  
-0.0006802296025  
-0.0141551594  
0.009477589287  
0.0121409175  
-0.004519492729  
-0.01831099042  
-0.002155194715  
-0.008064145185  
0.008068815594  
0.008859121737  
0.009262687698  
0.01009785031  
0.002306195665  
-0.004895902388  
-0.004992696276  
0.01287279345  
0.0075588344  
0.008724770536  
0.008532103583  
0.001038711936  
0.005018613759  
0.0004317935818  
-0.007952483735  
0.008410115163  
0.005717277716  
0.003144808316  
-0.0008925607358  
-0.0100782799  
0.01363211357  
0.009769361494  
-0.002374442725  
0.008096838543  
-0.002437132224  
0.006677410904  
-0.008768926809  
0.003292470907  
0.001075606255  
-0.01665219668  
0.008927716288  
0.007145076271  
-0.005593678119  
-0.003144526948  
-0.008122753941  
-0.0071938868  
-0.006907123818  
0.00233926417  
0.00589618457  
-0.02774339891  
0.002950994205  
-0.008833693417  
0.01101019675  
-0.00741676621  
0.00458514567  
0.01813627235  
-0.008060566651  
-0.0001980345769  
0.004755930647  
0.004870588478  
-0.002862123981  
-0.004224132936  
-0.01211874859  
-0.007365906381  
-0.02664618691  
-0.004855902366  
0.001516134077  
0.0110900979  
-0.0197609934  
0.01170488519  
0.002273471954  
-0.008673851486  
-0.005647397845  
0.006389936849  
0.008308775902  
0.01126226177  
-0.006906369904  
-0.01123935454  
-0.01320926668  
-0.007147329335  
0.0001867153478  
-0.01330472555  
-0.008380978329  
-0.00885141361  
-0.00195963714  
-0.0126670418  
0.003315075158  
-0.01814060557  
-0.01018472476  
0.002288340972  
-0.0006258862835  
-0.004506641216  
-0.01629394577  
-0.007658285227  
-0.009114527597  
-0.01090580051  
-0.03374435348  
-0.002279294901  
-0.02105274576  
0.004004670912  
0.008554017459  
0.001181055426  
-0.002065363641  
0.002703262989  
0.01929962582  
0.01619952448  
-0.001520191333  
0.01447640726  
0.02211451406  
0.01697712606  
-0.004354226783  
-0.03222720729  
-0.01038968827  
-0.01094751307  
0.002444207784  
0.001319251949  
0.01828266125  
0.00422517775  
0.004029993276  
-0.01026355308  
-0.002568801448  
0.03086552673  
-0.02364095792  
-0.003614291205  
0.02073285045  
-0.01106320874  
0.0308251029  
0.01332233412  
0.03610033257  
-0.01928909909  
0.01878735205  
0.02974818043  
0.0004224402821  
0.03247777534  
0.008942726501  
0.02765645997  
0.002282340098  
-0.01936465817  
-0.006928796561  
-0.0004434890369  
-0.01626904382  
0.00467117001  
0.03323741003  
-0.0090166487  
-0.002242281862  
-0.0002979529322  
-0.02506515872  
-0.04123002017  
-0.008296097957  
-8.814179733e-05  
0.01203134433  
0.01991476214  
0.0143453003  
-0.04381376956  
0.002104252764  
0.01555354141  
-0.03354811428  
-0.03473444703  
-0.02532806932  
-0.04399109862  
-0.06375636235  
-0.01870929393  
0.03354407241  
0.04530933899  
0.004632214754  
-0.006157442454  
0.1196066299  
-0.09626171612  
-0.03076122993  
0.0560310838  
-0.1922401896  
0.02063972436  
0.0328958632  
0.09349039376  
0.2354565412  
-0.1238947462  
-0.3692811939  
-0.6086563281  
1.195104352  
1.131647453  
2.408133802  
1.455059393  
0.8168657798  
-1.64590006  
-0.7655195297  
-0.8964557516  
-1.300036301  
2.407030776  
1.162864459  
0.1861494037  
0.929443191  
2.595958006  
-4.052748813  
0.3361958216  
2.915275049  
2.074803367  
4.029991225  
-2.22379253  
2.475717846  
-1.314555889  
-0.3911406396  
-3.547014899  
-0.6592517239  
2.180811432  
0.121966012  
5.687503911  
-0.370707839  
-11.09014079  
6.314451817  
4.461618009  
-2.358643649  
4.522781252  
-12.16119139  
