-2.620446233e-13  
-1.407669444e-08  
-2.196841094e-08  
-0.0001658597706  
0.001094742666  
0.00528590781  
-0.0003297856699  
0.002582300643  
0.001375114043  
4.828184048e-05  
-0.001989620057  
0.002983505299  
-0.002406910984  
0.003198249021  
-0.006452347852  
0.0005381125464  
0.003850799877  
-0.003946952167  
0.0004761085572  
0.002271450127  
0.003242406938  
-0.001349158404  
-0.003978410354  
-0.002783549456  
-0.001716099631  
-0.001552669033  
-0.00214196851  
-0.00277450496  
-0.002354011347  
-0.004109391004  
-0.002865379475  
-0.0008054685912  
-0.004029188485  
0.0001882103776  
-0.004183933236  
0.00362740071  
0.003032464151  
0.002188619059  
0.0002273149251  
0.0005244371401  
0.0007136867047  
0.0003016275729  
0.002438855292  
0.00599719068  
0.004633263468  
-0.00430468321  
-0.001259472734  
0.003037974801  
0.001932491694  
-0.005276033443  
0.0005602570756  
0.001442300361  
-0.004661336405  
-0.002122855092  
0.005170155881  
0.004810613621  
-0.004381362819  
0.001956007623  
-0.004757978688  
0.002364892897  
-0.001808086141  
0.001228357403  
-0.001213638231  
-0.0008721411656  
-0.002374761353  
0.0002491854896  
-0.002200561756  
0.001567263379  
0.001641031145  
-0.002298205722  
-0.00364333281  
-0.001823595198  
0.003548330089  
-0.0007780664554  
-0.004477175088  
-0.0008969932995  
-0.001466358619  
-0.003297033916  
-0.002106500397  
0.003633352309  
0.002046442239  
0.0039977139  
0.005353987901  
0.005016247931  
0.007246834778  
0.001088836696  
0.002055685549  
0.004064081128  
0.00111618056  
-0.001294569079  
0.001184724057  
0.002423779135  
-0.002183791839  
-0.003855489675  
0.007027803186  
-0.001211054271  
0.001863638303  
-0.004143746412  
-0.0008023318334  
-0.006292664252  
-0.002157006652  
0.006432656665  
0.003698641499  
-0.003740837403  
0.006025612537  
0.004532589303  
-0.005031577834  
-0.006773771882  
-0.0006921134994  
0.0005776458635  
0.001243663499  
0.002542541862  
0.002143606643  
0.001112189676  
0.001121404308  
-0.004357957319  
-0.005149966267  
0.0007440503071  
-0.005168220343  
0.005459196252  
0.003703429777  
0.0002272936587  
0.0007342567715  
-0.002821180855  
0.005041878579  
-0.004838268722  
-0.001482160369  
-0.003419297262  
0.006362942935  
0.007890473711  
-0.004710430585  
-0.004732113519  
0.008897301359  
-0.0008719491875  
0.007138281644  
-0.00239401816  
-0.003418035222  
-0.000806443636  
-0.003483134349  
-0.005733593524  
-0.001919558845  
0.005402916139  
0.002827097427  
0.004147159146  
0.005121790213  
-0.0004069026844  
-0.0005861934612  
0.0007556727968  
-0.003871240785  
0.006505900322  
-0.01166796067  
-0.003611474305  
-0.000378318634  
0.001015791528  
-0.0008133531633  
-0.0006958463573  
-0.005047272845  
0.0009680870006  
-0.003854590336  
-0.001680033493  
0.001252638942  
0.001503729714  
0.007653831959  
0.002863194408  
-0.001172203249  
-0.003390614141  
0.004652450084  
0.004352770957  
-0.005324101268  
-0.0007829968123  
-0.004710017157  
-0.002714107633  
0.01114618762  
0.00217056858  
-0.0003127766462  
0.001611165477  
-0.0009442871315  
0.002023509182  
0.002089829794  
-0.002991921425  
-0.004368365712  
0.006193644414  
0.001781881319  
0.005539322281  
0.005304386975  
-0.005962810785  
0.0041169182  
0.002204243762  
0.003413557859  
0.009432872791  
-0.0002255232089  
-0.006185553062  
0.005364053944  
0.002272295269  
-0.002382198123  
0.001411996162  
-0.0004432880284  
-0.003682875889  
0.001030021893  
0.002471025217  
0.0008318566426  
0.00700792004  
0.002305176146  
-0.007475837679  
-0.005635919413  
0.001122113565  
-0.001494322929  
-0.007185565243  
-0.001034041007  
0.001384119116  
0.005036639518  
0.003531307302  
0.003856875657  
-0.001817754992  
-0.008801938015  
0.003914460828  
0.003214466632  
-0.004377927293  
-0.00477589945  
-0.0001981877606  
-0.00446925179  
-0.001436681178  
0.001020924224  
-0.001372388833  
0.006474584199  
-0.003790306109  
0.008284090407  
-0.0008635911843  
0.001222848702  
-1.643981033e-05  
0.001018912459  
-0.003383122885  
0.002816092357  
0.002965799764  
0.00200099461  
-0.0006417807498  
0.007624628465  
-0.002930142655  
0.0009105568017  
-0.00477195303  
0.01079157655  
0.006895483253  
0.002806359839  
0.002979931819  
0.005507462041  
-0.001689787521  
-0.007629173354  
-0.009983125133  
0.00435520605  
7.127336496e-05  
-0.001321230647  
0.0007100652825  
0.001809858843  
3.24500121e-05  
0.005370368922  
-0.0005901577741  
0.001404196973  
0.001216574556  
0.004844112953  
-0.00354022766  
0.001615639019  
0.003837365991  
6.178108815e-05  
0.008018091247  
-0.001228427692  
0.009619572377  
0.003023750438  
0.00504372174  
-0.006099146974  
0.003142390347  
0.007091479966  
-0.004042685016  
0.001434880357  
-0.008237019943  
-0.0002857625571  
0.00951215744  
-0.006646217668  
-0.001973857388  
0.00565909968  
-0.0003828551226  
0.001748219827  
-0.004845769535  
-0.006185799926  
0.003805428018  
0.008038254557  
0.002705331261  
0.005224221723  
-7.476107063e-05  
-0.004263521557  
0.0008762977745  
-0.004158204412  
0.0009076831867  
-0.003367405768  
-0.006014678369  
-0.002409727657  
0.003679250973  
0.01188720975  
-0.001777206091  
0.01069813697  
-0.001590817716  
-0.005941421986  
0.003149468948  
0.001363893013  
0.003789877804  
-0.004273202354  
-0.009977633496  
0.005457102738  
0.002985443537  
0.003547931301  
0.000807640013  
-0.008317284227  
-0.001678159698  
-0.003823010697  
-0.002529628005  
0.0007471474615  
-0.001096741351  
5.254340188e-05  
0.001672371758  
-0.009106914145  
-0.003819821119  
0.003955534155  
-0.0007082981878  
-0.004333195999  
0.004853501342  
0.002862592908  
-0.0088416673  
0.009003491436  
0.006362015163  
-0.0113318521  
-0.001611998327  
0.007651046144  
-0.005236619114  
0.008603176485  
0.006697406268  
-0.003804632888  
0.0008688532316  
0.001875176541  
0.004612912391  
-0.005710982234  
-0.007950573665  
0.006233671966  
-0.006564627952  
0.003989376349  
-0.005989672619  
-0.001848280643  
-7.118767282e-05  
0.008865819951  
-0.002710970767  
-0.008468419449  
0.006580048302  
-0.007966746327  
-0.006788853796  
-0.003676707394  
0.004110247519  
0.01074226685  
-0.003906457572  
0.008227925875  
-0.005703402975  
0.006213460265  
-0.009905792134  
-0.007482836287  
0.01877671638  
-0.005907485751  
-0.00277818253  
0.002773394198  
0.00847105519  
-0.0005460178387  
0.002471707711  
-0.001852894108  
0.004980986529  
0.004146308253  
0.003623393005  
0.004902444157  
0.003514242896  
-0.004275604499  
0.01298105345  
-0.006058724533  
0.008167268737  
-0.007355605708  
-0.00184790268  
0.006870086632  
-0.01288189368  
-0.01073782749  
0.005949707824  
-0.0001595616691  
-0.01418993206  
0.004949973463  
0.005031525452  
-1.077495305e-05  
-0.005398871442  
0.007895375136  
0.00984836715  
0.006973505027  
0.003249907394  
-0.004422378353  
-0.009086341155  
-0.003838553609  
-0.002754004991  
-0.009935465422  
0.0007879775723  
0.01867719077  
-0.005230840762  
0.009427378918  
-0.02046002484  
0.006779437906  
0.001297378796  
0.02380932642  
-0.02253922372  
0.01032886492  
0.0144772014  
0.009504460008  
-0.002210845309  
0.01397338659  
0.01294795672  
-0.01182128317  
-0.02947282441  
-0.008979334619  
-0.003927018825  
0.01036117115  
0.004885012287  
0.01319982014  
-0.01846653436  
-0.00167785159  
0.009895290126  
-0.01406476717  
-0.01339632312  
-0.01498254132  
0.001442144155  
0.01645971926  
-0.02509709023  
-0.00376667945  
0.005777827101  
-0.03557012469  
-0.03818655511  
0.01122241399  
-0.01395265174  
0.002762106486  
-0.0008128596424  
-0.01281284527  
0.0275682315  
-0.01549214518  
0.001410209604  
-0.04020109691  
-0.01610590342  
-0.03310950665  
0.01685759305  
-0.00469407763  
-0.01682339064  
0.08426065464  
-0.02077923664  
-0.02539695144  
0.02781742583  
0.03384271778  
-0.03969551514  
-0.0309353445  
0.04160811381  
0.03478443076  
-0.03088700405  
-0.06319841482  
-0.07655367427  
-0.0195796768  
0.08513560667  
0.02302665759  
0.1948164787  
-0.8321955519  
-0.8978665079  
-0.3730784161  
1.027720925  
-1.308265377  
1.125129168  
0.5507664608  
-0.9448339149  
-0.07470296439  
0.3005696737  
-0.2477833063  
-2.002569136  
-1.645494917  
-0.8401976849  
0.2468225975  
-2.096012385  
0.7260228068  
2.029832305  
0.3127988014  
-0.9269831625  
-1.746707393  
-0.2335983482  
2.483868471  
3.664292985  
0.1346414211  
1.566820628  
-0.6259092182  
-2.099248566  
1.993538026  
-1.483481019  
3.811199913  
9.223510659  
-0.305812921  
11.34770443  
14.54171883  
