-3.012854598e-13  
3.09929782e-08  
-2.867683427e-08  
0.0004126565408  
-0.0008621199529  
0.0009498943021  
0.001806135324  
-0.00144755068  
-0.0002177846467  
0.0002546075603  
0.004342969327  
-0.00150845169  
-0.0004010324473  
0.001186562994  
-0.004580039786  
-0.001558919305  
-0.0001150720402  
-0.0009219678997  
0.00106195368  
-0.0002544254866  
0.00508736306  
-0.003358883786  
0.008747179022  
0.0008630098696  
-5.376901878e-05  
0.002246959859  
0.002480733308  
-0.002041969997  
-0.00483059965  
0.0001542897944  
0.0001137299964  
0.004200894306  
0.004885891441  
-0.001622975421  
-0.005862030526  
0.002362604182  
-0.000917004638  
-0.006039216211  
-0.003768374323  
-0.002402022867  
0.004618265225  
-0.0003365574452  
-0.001612766317  
-0.002231897669  
0.0003579467962  
0.001052825905  
-0.003476222514  
-0.002271450944  
0.0009841590978  
-0.004196771213  
-0.002759506163  
0.00172496528  
0.0009513275328  
-0.009861991761  
-0.003566288133  
0.004059070768  
-0.00679710259  
0.0006761670028  
0.003019947116  
0.001970992526  
0.00371683269  
-0.003656955041  
-0.000497552957  
-0.003940508917  
0.001566849267  
-0.0009251437294  
-0.005643079209  
0.009730225655  
-0.003115383257  
-0.009270093979  
0.002992803906  
0.002267804945  
0.007688803982  
0.001398477677  
0.0009452510472  
0.003081614278  
0.003619613857  
0.007562421704  
0.01005662468  
-0.002301167651  
0.002384575253  
0.003558877462  
-0.003574682274  
0.006503731741  
-0.005146776545  
0.003085761189  
0.002275108338  
0.00161350129  
-0.004864048006  
-0.001914676898  
0.01233426798  
-0.0019647524  
-0.006047551863  
-0.006682415905  
0.007452763305  
0.001139193371  
0.00721930519  
-0.001023877036  
-0.0008553710011  
-0.003661738354  
0.0007363307444  
0.004283135169  
0.006333842697  
0.002215347662  
-0.01115088817  
-0.009956234606  
2.471298835e-05  
0.003502963533  
0.0007134469193  
-0.006471982937  
-0.01037396571  
0.002070687689  
-0.007475596008  
-0.003654992929  
0.00667541196  
-0.005631136439  
-0.001040259164  
-0.001496790578  
-0.008615917155  
-0.004784215691  
0.008223229956  
0.004383350328  
0.000183921682  
0.002953433758  
-0.003473498511  
-0.005426931902  
0.0005172983383  
0.005265672089  
0.005521828415  
0.003153085244  
0.005618681924  
-0.002184924444  
0.0009139677942  
-0.00544467021  
-0.00234164428  
0.003933625331  
-0.004613243254  
-0.01569536242  
-0.0004980692852  
-0.005596403204  
0.00268726274  
-0.006542650563  
-0.002063208953  
-0.006768055773  
-0.003553952361  
-0.009845579099  
-0.01450668693  
-0.002670481357  
-0.002882123607  
-0.000972343122  
-0.00597394579  
0.007487899298  
0.003327304463  
0.004008570123  
-0.001618113565  
0.007417520732  
-0.001021495401  
0.01042381188  
-0.002852249328  
0.003631238668  
-0.001706951548  
-0.00504701268  
-0.006591455664  
-0.01479248724  
0.002371042769  
0.008066891822  
-0.003230609582  
-0.001672146023  
0.0006234246875  
-0.001219321244  
-0.001443742725  
0.007831889116  
-0.007756640834  
-0.005898073745  
-0.0006172727135  
-0.005632577569  
0.007268269854  
0.003790119687  
-0.008037338124  
0.003309357457  
0.001531135837  
0.005577260201  
-0.0007187014985  
-0.002527819904  
0.00348288563  
-0.00490568189  
0.00553201603  
0.005582942847  
0.001083481949  
0.006868562338  
0.003433102626  
0.003428567209  
-0.00716474986  
-0.002896148985  
-0.002908306356  
-0.0001706934074  
-0.01148299479  
0.006981673624  
0.002992375876  
0.0008950329273  
-0.0003643214001  
-2.278238185e-05  
-0.00844900243  
0.005318096743  
-0.00373432229  
-0.001845952954  
0.002367578064  
0.001896346363  
-0.00326296982  
0.01159212143  
-0.006878835159  
-0.0002472955088  
0.001583449329  
-0.008322689313  
0.01180046465  
-0.01154664424  
-0.01095221699  
0.001846229255  
0.0007302760436  
0.001424705638  
0.006258713526  
-0.003429200011  
0.01322876712  
-0.00531320182  
0.004971919884  
-0.005513065904  
0.0008734667082  
-0.004621981239  
0.00107117769  
-0.009374552629  
0.002526016641  
-0.003199911815  
0.003280324787  
-0.002722844609  
0.00371901941  
0.01128198976  
0.002116256178  
0.004575988028  
0.004319181716  
0.003211543848  
0.001865039854  
0.003295899544  
-0.01741953468  
-0.0005296722123  
-0.0007140769626  
-0.01847830555  
-0.0138420358  
-0.006132423355  
-0.001956382835  
0.002612497048  
-0.002494388194  
0.009271413902  
0.004182217461  
0.006224800365  
-0.005884975563  
-0.01175792589  
0.003624215205  
0.01100967975  
0.006764294494  
0.01121880607  
0.0110738362  
0.00825818808  
-0.004939660164  
0.0005060797012  
-0.01170280061  
-0.0001701977494  
-0.004465451602  
0.004800412846  
0.01237314046  
-0.01484191404  
-0.008580576836  
-0.008437078641  
-0.000691629168  
-0.0124481168  
-0.01205456036  
0.01583681866  
-0.01003875479  
0.01054857388  
-0.01188480653  
-0.001228423939  
-0.003357737053  
-0.003680945515  
0.004411656034  
-0.005884865077  
0.009195324498  
-0.0003595265104  
0.002214339824  
0.0005929942002  
0.00664883592  
-0.001785971725  
0.009224351699  
-0.00064695359  
0.0004946958874  
0.01108623499  
0.009137256183  
0.00758423449  
0.008900231445  
0.002165783738  
0.01014072771  
-3.501550102e-05  
-0.004002131716  
0.006950233321  
-0.000135880655  
-0.01065627311  
0.02172093686  
0.008084198998  
0.01448325696  
0.001916627704  
0.007634447165  
-0.009884425726  
-0.003364352594  
0.009867976218  
0.0294115525  
0.008433859417  
0.01150358353  
0.009898265232  
-0.001162800462  
0.01287960693  
-0.003687721532  
-0.01073068567  
0.002543315862  
0.009795969207  
-0.002050393986  
0.003598859023  
0.002638555881  
-0.01787276622  
0.006164214866  
-0.00706744528  
0.01222443521  
0.0154853231  
0.006984788268  
0.01397138682  
0.006979970263  
0.001283231842  
0.00807353994  
0.004139634923  
0.01039831263  
-0.003816904568  
0.003454424263  
-0.005984481011  
-0.006048568603  
0.01010681182  
0.0003967226926  
-0.003736319652  
0.01385989556  
0.007710936709  
-0.01047351052  
-0.001432324374  
-0.006259404622  
-0.003326630005  
-0.01973189593  
0.004647678015  
0.009678266253  
0.007975595977  
-0.002884590873  
0.01404716334  
-0.009352707373  
0.004950644701  
0.02942203475  
-0.003429931895  
0.007336609181  
-0.00119575124  
0.004659000096  
-0.008662551487  
-0.02021860058  
0.01988378009  
-0.01102271957  
-0.01268406778  
0.01479635659  
-0.00782837161  
0.003607017433  
-0.0006684054985  
0.0005553262379  
0.001093930745  
0.01325760373  
0.01124349597  
-0.01335857797  
-0.01049418549  
0.02267232739  
0.005509299822  
-0.01867967529  
0.01365685765  
-0.0008718739014  
-0.02158842221  
0.01039272793  
-0.01941082158  
0.01712518849  
0.02545555121  
-0.00173343739  
0.008199366528  
0.006152913746  
-0.00955144849  
-0.001460033522  
-0.02780234056  
-0.00605870203  
-0.007886622911  
0.001511298963  
0.01993829506  
0.0004170966543  
0.01222886715  
0.01249586307  
0.03031348506  
0.008877655251  
0.009318434999  
-0.01936723294  
-0.01593902779  
-0.01092019199  
0.00165785384  
0.02986132461  
-0.03313188231  
-0.01521460823  
0.02121586977  
-0.005026343873  
-0.02069871747  
0.002219896385  
-0.007423791488  
-0.0162880747  
-0.03150870717  
-0.01585834187  
0.01184718509  
-0.008938866685  
-0.0171647615  
-0.01782873665  
0.006979002098  
0.01025293672  
0.01679861847  
-0.01052157872  
-0.00345483739  
-0.01343916507  
0.0005516150804  
-0.02348364254  
0.04588055715  
0.005429268415  
-0.05984092114  
-0.003306439126  
-0.01812294844  
0.004563995698  
-0.01792627655  
0.02669435219  
-0.01731347704  
0.05543585521  
-0.03667688899  
-0.06674947991  
-0.03491694285  
-0.03398473783  
-0.0942712565  
-0.02130642298  
0.06450149955  
-0.07673202385  
0.001688646858  
0.03408783176  
0.01563728333  
-0.1369434614  
-0.08693089852  
-0.09605395166  
0.03463022871  
-0.0114178694  
0.001407829252  
0.005436134214  
-0.05133425409  
0.08564270796  
-0.03869191922  
0.002748028137  
-0.1468592998  
2.498656205  
-0.8018193921  
-1.531142459  
-2.461616353  
-1.975272053  
-1.161628234  
-0.006773491907  
-1.149032391  
0.5380797253  
0.2071893408  
-1.421744013  
0.3003172515  
1.817445515  
0.1497535181  
2.229182331  
2.897450807  
-1.290578879  
-3.817656597  
-0.3883542208  
-1.767202859  
-5.524858314  
-0.1401765461  
-7.079943873  
0.55558647  
-0.2368242191  
1.31872246  
2.224933934  
5.947441473  
-7.755641489  
-0.976517213  
5.653455867  
4.883052641  
-8.460828232  
6.762285681  
8.946235196  
