-1.972506952e-13  
-4.969988239e-09  
-1.693936724e-08  
0.001281558018  
-0.005185595063  
0.002509142048  
-0.002724159272  
0.002584577856  
0.002084285682  
0.0004993357785  
0.001249406513  
0.01019789168  
0.01296178359  
-0.008261631223  
0.0008865888912  
0.004743026307  
0.005658678848  
-0.01382500466  
0.001240571719  
0.00512923001  
-0.004999402313  
0.009408875338  
-0.01169845544  
0.01263896131  
0.006532494802  
0.001543002344  
0.002817902193  
-0.01292838943  
-0.0002470416227  
0.003581950137  
0.002197902844  
-0.001017747138  
-0.001467351997  
0.0002100672626  
0.00928869389  
0.01157408902  
0.005207081137  
0.009398798271  
0.009492089141  
0.001482436001  
-0.005336400348  
0.007112976268  
-0.003405475801  
0.0004048517981  
-0.01047238076  
-0.0004357194625  
-0.01239069288  
-0.0003519039459  
-0.006030166747  
0.008148979573  
0.004677546826  
0.007790448465  
-0.007263171965  
0.008229169466  
0.005673515341  
-0.004432488061  
-0.004179336555  
0.01809911707  
0.001460989106  
0.006952577767  
0.001102222956  
0.003806877482  
-0.0002110678008  
0.0007707489774  
-0.002377660216  
-0.001240905552  
-0.009647375735  
-0.003131986919  
-0.004378731082  
-0.01357634059  
0.001990859304  
-0.002367513975  
-0.007030535401  
0.0007073649052  
0.006928123378  
-0.01047156635  
-0.007306525558  
-0.003383970793  
0.008940199428  
0.006722454513  
-0.003030161658  
0.007254547266  
-0.004540904204  
-0.001405644011  
0.007866216097  
-0.006793132366  
-0.000815780243  
-0.00423762979  
-0.004249487298  
-0.005217239006  
-0.01780412682  
-0.002073459991  
-0.006690957817  
0.004179478986  
-0.002196625825  
-0.003718105979  
-0.002669570112  
0.01735555877  
-0.006751333247  
-0.01115049076  
-0.007327217537  
0.002959456176  
-0.0003167433505  
-0.001662264134  
0.009442162627  
0.001204037149  
0.009510861852  
-0.00779932522  
-0.0001234825145  
-0.00385204156  
0.004951761822  
0.001930103766  
0.01320004581  
0.007935776963  
-0.0023886441  
-0.006791282616  
-0.003975423362  
-0.0002378240636  
0.003463494065  
-0.01739389091  
0.003631156431  
0.003248777142  
0.001084159661  
-0.004914662755  
-0.001723131869  
-0.007096416622  
-0.0005227893358  
-0.005025732141  
0.005035387402  
0.003605188134  
-0.007994738413  
-0.003823485777  
-0.002255714297  
-0.0003412424669  
-0.01146810506  
-0.008493066433  
0.01561564994  
0.0132741679  
0.007963979909  
-0.01627075384  
-0.002104525649  
-0.003393854461  
-0.003775725021  
-0.006907443468  
0.01141696935  
-0.01116458217  
-0.004886658302  
6.234768826e-05  
-0.002361654662  
0.005147486639  
0.003408434732  
0.002199581613  
-0.00765651013  
0.00152129772  
-0.01604881771  
-0.00234542097  
-0.003184944756  
0.001645191278  
0.01352439159  
0.003609179057  
0.005101435132  
0.002175809695  
-0.009073403442  
0.01813793047  
-0.002603569872  
0.00943573368  
0.004182767898  
0.001388780949  
-0.01169575663  
-0.005170503007  
-0.006236763897  
0.008970717709  
0.002809092217  
-0.0008834298544  
0.0123107124  
-0.01067880737  
-0.00270951811  
-0.001958832342  
0.0008075454023  
0.003727209525  
-0.01293068459  
0.006382332673  
-0.008416231003  
0.001984131071  
0.0083602555  
-0.006875564661  
0.006186439833  
-0.01555896189  
-0.003389347273  
0.003313274269  
-0.009011192983  
-0.0001607212099  
0.003967236391  
0.008522715775  
0.01110449461  
7.84146681e-05  
0.01404738872  
-0.02089962355  
-0.002143231736  
0.01421500062  
-0.009348349104  
-0.00582140791  
-0.01145943915  
0.00324616551  
-0.008151211246  
-0.01599819227  
-0.0002583591533  
0.003067853575  
0.01160022667  
-0.009450544691  
0.0008019996157  
-0.01264358638  
0.006818912238  
0.005727635148  
-0.003343374932  
-0.01804895355  
0.009407902632  
-0.00784935043  
0.007475709275  
0.01608004504  
-0.005630783566  
-0.008133226809  
0.006316447075  
-0.002310257679  
-0.02050772737  
0.01142662488  
0.00460680578  
-0.005366533244  
0.02193398725  
0.02060424778  
0.00730316339  
-0.01469352893  
0.006879677725  
-0.01481020206  
0.003659618193  
-0.005019065463  
0.01933838685  
-0.004328417159  
-0.005845617933  
0.006917891221  
-0.002753442484  
0.02251353052  
0.01839190581  
-0.009979364283  
-0.01832125214  
-0.00595324823  
-0.008810842722  
-0.01488402366  
0.01030551839  
0.0006030534611  
0.001660910513  
0.006221743174  
0.007310613396  
-0.01246395517  
0.003175680009  
0.008953735394  
-0.008795895408  
0.01124156299  
0.008861678294  
5.899054149e-07  
0.009821460575  
-0.004690213597  
0.006899675598  
0.01618407879  
-0.01042914691  
0.007024543355  
-0.01879427759  
-0.01891518042  
-0.01603611433  
-0.00757611313  
-0.01232193225  
-0.002256184389  
-0.008895829314  
-0.01477434281  
0.01660584213  
-0.01271178196  
0.02040610355  
-0.0008910999475  
0.006166276312  
-0.006111644991  
0.003096234541  
0.009929517151  
0.003467241639  
0.008059148352  
0.01128054268  
0.02320963981  
-0.009588211553  
0.01876895739  
0.007104814905  
-0.009281553069  
-0.0009507858901  
0.01049379602  
0.007231758587  
0.01283938716  
0.001946874432  
0.02202850323  
0.01300547622  
-0.01847738699  
-0.008122087812  
-0.006405603882  
-0.0007137942671  
0.02215314976  
-0.007992183144  
-0.00949706593  
0.01009598409  
-0.0002271163083  
0.004603112744  
-0.005343177828  
0.02065735443  
-0.02228241469  
-0.0150391065  
-0.02366193064  
0.006742817443  
-0.01424962509  
-0.007487815214  
-0.01593865238  
-0.000120371973  
0.01466615862  
0.01369284384  
0.0006516438346  
0.006508626363  
-0.004021015158  
0.0104467369  
0.001082550586  
0.02160896601  
-0.01644735505  
0.02213094617  
-0.01683062165  
0.02622225238  
-0.01026101615  
-0.01191111811  
-0.01521827296  
0.0182365372  
-0.005465437234  
0.004612679016  
-0.01166521116  
0.0129269933  
-0.003010839603  
0.01110541281  
0.03375171422  
-0.003855841551  
-0.007023537939  
0.007698463554  
-0.01755562693  
-0.01188384802  
0.01917322186  
0.007228634909  
-0.006872224917  
-0.0125936658  
0.00824698076  
0.002731770618  
-0.01008704297  
0.004806743679  
-0.002906839089  
0.01122681347  
0.01193393324  
0.001737111441  
0.006194344975  
0.006397800596  
0.02243167792  
-0.03193790427  
0.01455180709  
0.0257619427  
-0.002397514409  
-0.01442343723  
-0.007582689925  
0.02745253569  
-0.02816732949  
0.03785498504  
0.02144802662  
-0.004617629537  
-0.03344491735  
0.02428997843  
0.02030556971  
-0.01164420948  
0.00978546923  
-0.009557840948  
0.01176363847  
-0.008623793026  
-0.02856593456  
-0.06220712093  
-0.002156125483  
-0.008696892335  
0.03555195186  
-0.01265356781  
-0.01866258093  
0.005089201171  
0.02899229323  
-0.003873341825  
-0.001965463336  
-0.02844383123  
0.001780011204  
0.01606157864  
0.003664636702  
0.006824658858  
-0.01538619756  
0.02326587451  
0.04387091496  
0.0177033027  
-0.002553826181  
-0.0357371806  
0.008792190045  
0.0231232857  
-0.01992904139  
0.02584744691  
-0.002547495011  
-0.0005005936915  
0.01705456947  
0.009112462574  
-0.009082154818  
0.0219063973  
-0.04956535932  
0.009471440212  
-0.02109389612  
0.02496906703  
-0.03958006633  
0.06790107112  
0.01458762115  
0.005581350468  
-0.01625219131  
0.01228028422  
0.01942075918  
-0.0360267978  
-0.04526477812  
0.02549006954  
-0.02828020475  
0.0263843475  
0.02782944965  
0.01538419863  
-0.02421542893  
-0.01735243688  
0.00370560168  
0.04848046932  
-0.01944925289  
-0.0112378488  
0.1234688651  
0.01345557878  
-0.07087839446  
0.03361577428  
-0.02378509106  
0.01093416684  
0.06003338616  
-0.05311635811  
-0.06637732336  
0.06297724754  
0.004529730187  
0.06595266749  
0.05118767163  
0.09733611336  
0.1289938493  
0.007965533587  
-0.003293478473  
0.06208914133  
0.01594119835  
0.1541049532  
0.0238868051  
-0.02037128505  
-0.04640014909  
-0.01309280315  
-0.02838574243  
0.1908156977  
0.09769583939  
0.02547669187  
0.3415206918  
-2.248713355  
1.155770592  
1.609918176  
-0.9766772064  
-0.8443868144  
1.074766433  
0.9991512354  
-1.570458051  
-0.7064086067  
-2.534114942  
-1.094872669  
0.2990646645  
4.210076796  
0.1042955746  
-2.478687777  
4.212409484  
-5.444421476  
-2.904757202  
0.7481847435  
0.9728174841  
2.231315873  
-6.754227008  
2.376902741  
2.33671341  
0.6146279807  
-1.378679392  
-1.928746249  
-2.644504429  
4.707421397  
-6.447821953  
2.054126807  
-0.3099921367  
-2.755755273  
-2.836628839  
15.31588402  
