-2.319113491e-14  
2.753669604e-09  
-2.464497631e-09  
-0.002934443688  
-0.0002342843632  
0.004051500719  
-0.004038613458  
-0.007538268733  
0.003171266645  
0.0001732507712  
-0.002945153713  
0.00504522531  
-0.0007268773551  
0.002953581579  
0.00441932068  
0.002513372287  
-0.006065919276  
0.005697750716  
-0.0002773972007  
-0.0121716508  
-0.005337694514  
-0.003146397166  
-0.006139496035  
0.002720510101  
-0.00470488015  
0.003682460035  
0.00301487236  
0.006509115316  
-0.00047698406  
-0.007036936435  
0.0009023206464  
-0.006463412242  
-0.005087759963  
0.004414164695  
0.001038203108  
0.004131651992  
0.0007705636952  
-0.007364392807  
-0.001135118799  
-0.005484127741  
0.006655530717  
-0.004787623596  
0.003448009601  
-0.0001479186242  
0.004934892427  
-0.008253412542  
0.01273095202  
-0.001585539937  
0.002862497267  
-0.003639865714  
0.008240788581  
-0.005233776465  
0.0007952005332  
0.006738322428  
0.007200775644  
0.006960225061  
-0.003395428956  
0.01527615517  
-0.01715332042  
0.005967212142  
-0.002421717035  
-0.007074805436  
-0.005550608212  
-0.007473067708  
-0.007879106345  
0.01508921909  
0.00661894891  
-0.00318101795  
0.0006701876835  
0.0009793654431  
0.01244120509  
0.004891061169  
-0.00693452063  
0.004032088389  
-0.006082385737  
0.003982833837  
0.001495872638  
-0.0005510358512  
-0.001520429251  
-0.00807668832  
-0.003518546614  
0.004288813889  
0.001825639695  
0.0002164589714  
0.002271668592  
0.006546625761  
0.00417875733  
0.01442221392  
0.007638313826  
-0.0009689325402  
0.007669617188  
-0.00171125571  
0.001139073166  
0.0004023695979  
0.002789719756  
0.00171756874  
0.0007229304386  
0.01147019277  
0.004768481728  
-0.007880819668  
0.0005187481937  
0.00769021533  
0.01079479978  
0.003838009895  
0.0001837069315  
0.004551021066  
-0.001854471792  
-0.001142008227  
-0.002202664999  
-0.002009117815  
0.001951203821  
-0.004036549765  
0.006114453506  
-0.005414276252  
0.00513954648  
-0.001127859538  
-0.006715839976  
-0.0002903836918  
0.001492846981  
0.003524396632  
0.005007172111  
-0.002852988831  
-0.005567360133  
-0.001899098445  
-0.002937829604  
-0.005088506484  
-0.004350990434  
-0.003388394548  
0.001382015603  
0.004527099111  
0.005565231877  
0.002375718107  
-0.003889652373  
0.004511115906  
0.00445111547  
-0.003500875987  
0.002248903863  
0.007030575283  
-0.0160839181  
0.003398544198  
-0.003336503476  
-0.006246436522  
-0.004816400465  
0.00892466749  
-0.0009907013752  
-0.003007879823  
0.005327500597  
-0.009841110934  
-0.002477783304  
0.003810572912  
0.007691289106  
-0.009551058593  
-0.002126054477  
-0.00270788665  
-0.01660565616  
-0.002570801364  
-0.0132837776  
-0.01010704258  
0.01569007639  
-0.001698572052  
-0.005417473975  
-0.004453343993  
-0.00281422462  
0.003944404166  
0.007593430483  
-0.007507857087  
0.004185882534  
0.008304379911  
-0.002536915126  
0.006390355154  
-0.001687260484  
0.0001979667129  
-0.0001166355788  
-0.001812724344  
-0.002259094724  
0.004350711806  
-0.01067869701  
0.002139273146  
-0.0008718994441  
-0.007059333174  
-0.01113203477  
-0.004977551405  
0.003377285688  
-0.007176200205  
0.007055068373  
-0.0007563746528  
-0.001974842131  
-0.006512919444  
-0.001608904778  
0.007883599949  
0.002559267207  
-0.007708893112  
-0.008166411744  
-0.01095326526  
-0.007007061192  
0.0191961416  
-0.004510917476  
-0.007779341573  
-0.002820268433  
0.001204277038  
0.003710308495  
-0.002486991129  
-0.002107282477  
-0.01185758149  
-0.002292762301  
0.003178001621  
-0.004165328487  
-0.000920129903  
0.00335722553  
-0.003219758744  
0.01123765615  
0.0004601741567  
0.01078082881  
0.003948790919  
0.00103689182  
-0.007991649071  
0.001360612709  
-0.00602441454  
0.00119574869  
-0.002488329051  
-0.0002227656373  
-0.003248695228  
0.007812822644  
-0.00837241726  
-0.005060906253  
-0.008348208835  
0.003797806995  
-0.003004789785  
-0.01027115594  
0.004877521004  
0.001436255014  
0.006980905857  
0.009517738597  
-0.01668423771  
0.002062222509  
-0.009316122895  
0.01484657098  
0.0128456782  
0.02016861251  
-0.01455145913  
0.002817292741  
-0.0008255519622  
0.005298263436  
-0.005569319245  
0.005884779478  
0.00186702522  
-0.002215426095  
0.005026436535  
-0.001447634004  
-0.001441169144  
0.009806832229  
0.001431752474  
0.003512978576  
-0.006166666627  
-0.004289420932  
0.0005699445952  
-0.005064569637  
0.00960897892  
0.003617820208  
-0.007723982783  
0.0001075480512  
-0.001223060313  
-0.005567026689  
0.01418187181  
-0.001739962215  
-0.005905686041  
-0.004257971409  
-0.002792120417  
-0.01330709395  
-0.01518682678  
0.01410500967  
0.006233545887  
4.740855169e-05  
-0.008836948822  
0.01045087879  
-0.009132562783  
-0.004465702439  
0.009469794743  
-0.001501413938  
-0.007833521437  
-0.005379262866  
0.004866573933  
-0.007098866734  
0.01683927377  
-0.005552185975  
-0.002295280402  
0.003334834462  
-0.006680392741  
0.00545894584  
0.01240553995  
-0.001859537376  
0.005336680137  
0.003474645803  
0.0110551028  
-0.01345868228  
-0.000460096798  
-2.953019608e-06  
-0.01328155938  
0.00355942633  
0.002465437341  
-0.007986611863  
-0.00578780633  
-0.00512796097  
-0.01129750333  
-0.001910571593  
0.005260453119  
-0.01463751838  
0.0009439643083  
-0.02728798602  
-0.01819457851  
-0.01073041817  
0.005490553775  
-0.01526787664  
0.005975064421  
-0.002815408196  
0.01532668583  
0.003641262679  
-0.005785477688  
-0.005526513745  
0.001693910112  
0.003574265779  
0.01356993268  
0.0008217184419  
0.008294423694  
-0.01593980748  
-0.01723004443  
-0.02611252896  
0.003269985747  
0.009653301031  
-0.001715969388  
0.008016019972  
-0.01640526451  
-0.0067414227  
0.0006176319391  
0.009620551602  
0.004066079396  
0.004314453459  
-0.008683129386  
0.002149044013  
-0.00231180274  
0.01148586381  
-0.01016149024  
0.003361553678  
0.01408069392  
-0.004526115333  
-0.0009738919315  
-0.01140848991  
0.008269941299  
-0.009836592688  
0.005066932633  
0.01021052083  
-0.0007703277538  
0.009966510869  
-0.007832829114  
0.01168772873  
-0.01462607092  
0.00562960933  
-0.007414389739  
0.002513808686  
-0.01115164259  
0.004404940455  
-0.001341040459  
-0.01643077201  
-0.01580702795  
0.002217356046  
0.001254393142  
0.001998397961  
-0.0127936794  
-0.004353318153  
0.01754449729  
0.007452567003  
0.0001653674193  
0.002811048178  
0.01965268935  
0.008058647194  
0.01201430904  
-0.01575647676  
0.004494583953  
-0.009946162931  
0.01582371728  
0.02366901141  
-0.004039845468  
-0.004020207947  
0.005479252478  
0.0005226185406  
0.006195519588  
0.01495970175  
-0.01154529394  
0.02683733055  
-0.01482142231  
0.0007034836708  
0.012062072  
0.009869639864  
0.008718320576  
0.001619949222  
-0.005818618072  
0.01895496166  
-0.00696530975  
-0.005717842872  
-0.01686126977  
-0.01320846026  
-0.001192666991  
0.008709253414  
-0.01343818869  
0.0005389191079  
0.01912914419  
-0.02964727551  
0.02057323913  
0.008347504043  
-0.002298493073  
-0.008606081933  
-0.02453258422  
-0.0005947526198  
-0.05529858836  
-0.03134592396  
-0.01713000122  
0.003176291173  
0.01928839494  
0.01570828936  
0.003644077631  
0.05560437362  
0.0005193043837  
-0.01442239805  
0.005538164409  
0.004378709097  
-0.02858468208  
-0.02670185777  
0.01265141638  
0.03252701501  
-0.006925112754  
-0.0135426133  
-0.02102913281  
-0.007243412976  
0.005895854335  
-0.02035264299  
-0.01474104623  
0.02824994076  
0.05366047899  
-0.01379269992  
0.04780742691  
-0.01989489149  
0.06132396831  
-0.03990943413  
-0.04389766829  
0.03890647349  
-0.01733258869  
-0.08577787457  
-0.01125206673  
-0.01778475225  
-0.02848843317  
-0.002986505572  
-0.06002535024  
0.0843836287  
-0.04792895929  
0.06292823416  
-0.07829924813  
-0.05855624356  
-0.1443244763  
-0.04063866618  
0.02974332409  
-0.02390387618  
0.1107582393  
-0.0634081856  
-0.3038461373  
0.7827785308  
-2.218805155  
3.114151341  
0.8223839038  
1.989422621  
-2.523871066  
1.750990675  
-3.694459918  
-3.530277439  
-2.964122545  
-2.533616637  
-0.5237922835  
-3.997605414  
1.868430834  
0.9623711608  
3.514894545  
2.093391288  
-2.063140256  
-3.355517041  
2.527953321  
-3.91415472  
-0.5263326085  
1.845034425  
0.8984318502  
2.450720843  
8.55557582  
-0.9852436892  
-1.453515137  
4.004214944  
2.786257195  
2.899978336  
0.02748597905  
-0.2459042679  
-4.466147529  
-14.62172429  
