-2.275758338e-13  
2.747096159e-09  
-2.006174446e-08  
0.0008159823702  
-0.000109296722  
0.002059437213  
-0.003069368706  
-0.0008191460309  
0.00154354531  
0.003303902968  
0.004280341761  
0.001880645556  
-0.0004654263042  
-0.007432826992  
-0.002672187683  
0.00129477555  
-0.0006623550617  
-0.0005892908398  
-0.005411995327  
-0.00471218072  
0.0006152900501  
-0.003851668919  
7.136249417e-05  
-0.002016922691  
-0.003808168018  
0.001661422691  
0.001212434233  
0.002200192732  
-0.003564638805  
-0.000265891016  
0.003051923007  
0.002205670312  
-0.003538255586  
0.003504115528  
-0.001407897086  
7.664346738e-05  
0.004587308166  
0.003763357796  
0.00399321127  
-0.002993283734  
0.002108028492  
-0.001010220751  
-0.0070305311  
0.009445402744  
-0.004302334175  
-0.003307432013  
0.002593198176  
-0.0002087187842  
0.006644816742  
0.004242490685  
-0.004880344174  
0.003303385855  
0.00155418877  
-0.003165449713  
-0.007047368036  
-0.0008547498554  
0.006541798049  
0.001464860378  
-0.001592595293  
-0.002177049958  
-0.003566743333  
-0.004249826018  
0.002738983246  
-0.001299902081  
-0.0020638369  
-0.001532045621  
-0.001012905263  
0.002563943228  
0.002022969699  
-0.002666418275  
0.008610511677  
3.220127323e-07  
-0.002549080124  
-0.009085574058  
-0.002893599792  
0.001004623665  
0.0002453557927  
-0.001018999074  
0.008140503607  
-0.008454280765  
-0.003656902607  
0.002683908194  
0.003222461064  
-0.004194413759  
-0.003912396402  
-0.00399879914  
0.008540334248  
-0.00498005088  
-0.001406178945  
-0.004394945376  
-0.0045676252  
0.003180216247  
-0.01044360459  
0.00282117655  
-0.0003806991086  
0.002716715907  
-0.01653087068  
0.005195647599  
-0.002990446766  
-0.001380319567  
0.002135008279  
0.002185747691  
0.0001640617162  
0.002607110297  
0.005929875199  
-0.004718199905  
-0.0006667791602  
-0.003803641661  
-0.0004428293856  
0.008568081377  
0.009931226113  
0.003463236403  
0.002059117863  
0.001898022372  
-0.01047973178  
-0.0009081738365  
-0.009828637931  
0.01219006818  
0.002993111027  
-0.01180519646  
0.003613821849  
-0.008250158627  
-0.001846664704  
-0.01003910762  
-0.006024128154  
0.00820049796  
0.003791934732  
-0.009269493406  
-0.007559509853  
0.00421803913  
-0.01198371162  
-0.0003664329305  
0.001503489215  
0.004010927994  
0.001136687517  
-0.01044954445  
-0.001104575539  
0.006967936725  
-0.001508688856  
0.008229962349  
0.00925178085  
0.005022507474  
-0.01007461679  
-0.0005198287744  
-0.007087224702  
0.01121336177  
-0.004393879327  
0.008503309333  
0.003515922737  
0.002553609102  
-0.008431211035  
0.000546842324  
-4.20825639e-05  
-0.01198237656  
0.0009294792093  
-0.003867444764  
-0.002552363675  
-0.005942970143  
0.0001283189662  
0.002469656412  
0.00469740652  
-0.002657050775  
0.01047786238  
0.007349368663  
0.003109704964  
-0.007451014721  
-0.004372442489  
-0.003593635016  
0.006118117713  
0.009571032336  
0.00854772862  
0.0004263394502  
0.005398783495  
0.005478550912  
0.0006463068016  
-0.01118310221  
0.002345482965  
-0.0001674657964  
0.00418298267  
2.86545029e-05  
0.01024431477  
0.006178256296  
-0.01112247876  
-0.001863421549  
-0.007786163977  
0.009835638662  
-0.001629045749  
-0.008158325202  
-0.005480184389  
0.009141723611  
-0.005141375874  
0.002096298182  
0.01053388987  
-0.00548807387  
-0.003876032476  
0.001976983318  
-0.002821227264  
0.001828103928  
0.007090973715  
-0.0006252512544  
0.003173792921  
-0.008638023301  
0.0002309584671  
-0.006345416756  
-0.009290415075  
0.002571704644  
0.0008692962311  
0.00979279067  
0.003859433612  
8.113708103e-05  
-0.004543843218  
-0.002448812373  
-0.005308592897  
0.0007150300179  
-0.005066883947  
-0.000441733887  
0.006096249734  
-0.007531523016  
0.002728578511  
0.01359997325  
-0.001689481052  
-0.001405278812  
0.02161408599  
0.004583249577  
-0.009727443662  
-0.004009730744  
0.0005701364676  
-0.01315631009  
0.002273774158  
0.000470407486  
0.001164581245  
-0.006942438986  
0.00722854438  
0.008987286032  
0.004422271534  
0.01225818436  
0.01102058492  
0.003370157304  
-0.006250539963  
-0.007816558799  
0.007352821216  
-0.006664006148  
-0.001942418892  
0.005475400344  
-0.004070918537  
-0.008253770296  
-0.007578867307  
-0.004304652948  
0.01448640978  
0.01390452875  
0.003309161412  
0.001111046022  
0.002557157774  
-0.004412641228  
-0.01480696471  
0.002718132878  
-0.01586410124  
0.01187352975  
0.0007986593455  
0.005898608029  
-0.009782555078  
-0.006336532762  
0.004874375845  
0.006112856728  
0.004831336684  
-0.000251824629  
-0.005811904205  
0.004800484551  
-0.01985469651  
0.001257754933  
-0.00463458605  
-0.00987723228  
-0.00598848303  
0.000664561047  
0.002184881217  
-0.009266493615  
0.00405923735  
0.01679001208  
0.005061653723  
-0.006787302951  
0.008817343656  
0.001369256789  
0.00687767735  
7.09756512e-05  
0.008890469941  
-0.002471819119  
0.003485069476  
0.0001912433255  
0.003510041071  
0.004358751939  
-0.01568634997  
0.01209244723  
0.001326455332  
0.01403059584  
-0.0006723645485  
0.004634104748  
0.02610129209  
-0.002399867097  
0.001544986228  
0.001396693712  
-0.01728286555  
0.01809451354  
-0.0001868775153  
0.00988003991  
-0.008898600092  
-0.01108806576  
0.004802893834  
-0.00415335026  
-0.006147884829  
-0.007698598885  
-0.00794983588  
-0.01770473375  
-0.01232482366  
0.01600427193  
0.00712693792  
-0.01749196481  
-0.003774645506  
0.007264945597  
-0.02083568036  
0.0002035862441  
0.01587341207  
0.002957665753  
-0.004980832391  
0.01173769423  
-0.006581561704  
-0.004143354576  
0.0003300132292  
-0.01243926891  
0.0147126841  
0.004731101271  
-0.009008299098  
0.00521138278  
0.005176854589  
0.004884405231  
0.003392996087  
-0.006615787062  
0.02257121636  
0.003043192847  
0.01132453648  
0.008056179725  
-0.008174373544  
-0.006434203024  
0.001321422436  
0.01012633546  
0.01472130274  
0.01627305173  
0.01948331558  
0.006140424628  
-0.003050615631  
0.001588968799  
-0.01475852132  
0.003608307849  
0.007114033644  
0.01018597786  
0.01293201412  
0.01098713545  
-0.007146725275  
0.00699476996  
0.01333570464  
-0.006172956876  
-0.0123478986  
0.001656713559  
0.01533109841  
-0.002630038283  
-0.003865882222  
-0.003390884254  
-0.01456567854  
-0.02177974944  
-0.002978790567  
-0.01362019485  
-0.002773865758  
0.02185551287  
0.002649060663  
0.0187748079  
0.002763425811  
-0.01468744448  
0.009162338382  
-0.02256796224  
0.01269532205  
0.005479821258  
-0.004621531631  
0.0007567648009  
0.01190809501  
0.0009803863608  
0.01347021006  
-0.006351278664  
0.002947635667  
0.001728832181  
0.004466182828  
-0.01657829294  
-0.002215232857  
0.002067997119  
0.006195560403  
-0.00572734168  
0.003565873003  
-0.03673065449  
-0.007276844952  
0.02014771193  
-0.001223531193  
-0.001705627236  
0.002983445243  
-0.009781600217  
-0.01724293297  
-0.005590708949  
-0.01029097779  
0.02365691254  
0.001650227544  
0.004107459548  
0.03653177737  
0.00732861362  
0.01556765991  
0.00268437654  
-0.02036948798  
-0.0200408957  
-0.00195981811  
0.02201804192  
-0.001426818368  
0.009819906179  
-0.02398482583  
-0.0001141517272  
0.007577791322  
-0.02500866389  
-0.01906499996  
-0.007490935238  
-0.03248699225  
-0.03748146839  
0.02370369937  
-0.02323212301  
0.0250866886  
0.03617368473  
-0.03701739993  
0.01709418727  
-0.01725360689  
0.004137958209  
0.02475913355  
0.03138072629  
0.01918801135  
-0.003576533469  
-0.01633435303  
-0.02466477093  
-0.04034601955  
0.006959350434  
-0.04550820696  
0.009205361401  
-0.03615081859  
-0.03386843356  
0.03981520348  
0.01551080293  
0.09243560155  
0.03584497629  
-0.06122334402  
0.04593394611  
-0.07995004455  
0.01959233339  
0.001230816725  
0.07715976734  
-0.05634481553  
0.007027931815  
-0.0688356624  
-0.1255150688  
-0.05134055444  
0.1038781205  
0.3504713876  
0.1390726169  
-1.229712471  
-1.314933508  
-0.8236956506  
0.5999026269  
-2.941501733  
-1.938978663  
4.3061034  
0.5279297409  
3.018261399  
-2.460157294  
-2.799700825  
-1.614071575  
1.484113208  
-0.6927026077  
-4.992253115  
0.1322478872  
-2.210840656  
7.047679031  
1.4551023  
3.746104501  
-3.972381614  
0.7803800878  
1.322376809  
-1.004251617  
2.577088925  
-1.015919482  
-3.800056883  
6.643704192  
-5.063970992  
2.659199207  
1.514386669  
-1.538247855  
0.7355980595  
-4.477464334  
-13.98751163  
