-2.460801678e-13  
-8.61682049e-09  
-2.056227567e-08  
-0.0006101944769  
0.001075180894  
0.004802158024  
-0.00604842901  
-7.591032968e-05  
0.001569868786  
0.002966139834  
0.002472036436  
0.005529818188  
-0.001040367169  
-0.006191997879  
-0.002697531345  
0.0009926220538  
-0.004272821439  
-0.005923655678  
-0.002424607421  
0.002250741548  
0.00139314031  
-0.002730568709  
0.001111638214  
-0.004792769675  
-0.0005374771331  
0.003460278793  
-0.005581587638  
-0.000304738096  
0.001927561348  
-0.0010989129  
0.004776479201  
0.001952560257  
0.0009623986159  
-0.001798565577  
0.001714259074  
-0.0001114204787  
0.002470815211  
-0.005050364191  
0.0019564415  
-0.00385968775  
-0.004248919981  
0.004843970014  
-0.0002837052405  
0.0052745789  
0.005310902124  
-0.001086970951  
-0.008393085354  
0.003186101027  
-0.001461078472  
-0.004723875684  
-0.002249558796  
0.003805883694  
-0.00264825503  
-0.003044916492  
0.005659340115  
0.005822546858  
-0.003648019771  
0.003892787304  
0.003154543112  
-0.001541261264  
-0.003988520593  
0.004958060045  
-0.004165174956  
0.003036111039  
-0.00214417771  
0.003811814475  
0.001086421418  
0.004999016292  
-0.002481122425  
-0.005488857362  
-0.0006844127101  
0.0001778991385  
-0.0001009531409  
-0.003854001137  
-0.002263423779  
-0.005963012942  
-0.001226717336  
-0.001853035304  
-0.0004339799511  
-0.007654714073  
-0.0002464873428  
0.004205542246  
-0.004035752277  
-0.002383696802  
0.001912848704  
-0.002326568603  
0.003714117002  
0.003761855544  
0.009890870174  
-0.002973754544  
-0.004258025671  
0.006377177225  
-0.004833694683  
-0.003871707692  
0.001879294844  
0.001814484655  
-0.006721075649  
-0.003697105084  
-0.005387975851  
-0.005352975552  
0.001817188569  
0.005278345476  
0.002858935713  
0.004124252427  
-7.063275095e-05  
0.001100669311  
-0.002730208638  
0.003254010547  
0.006820432714  
0.004923294346  
-0.0002332095436  
4.548627179e-05  
0.002519958038  
-0.000721991437  
0.001473732453  
-0.008353418918  
0.003167438092  
-0.004754085957  
0.002695144175  
-0.001100791687  
0.002772413721  
-0.0005423086319  
0.00186093351  
0.002288913278  
0.006586359106  
-0.00774117141  
-0.005501880287  
-0.004680573559  
-0.0006219870253  
0.005177283855  
0.003616621034  
-0.005863508796  
0.004610061433  
-0.003773638004  
0.003312727873  
0.005091820462  
0.006397329536  
-0.009363399469  
-0.0006358848766  
-0.002024724884  
-0.0007019066058  
0.001393109418  
-0.0001896823643  
-0.001363587686  
0.005720625474  
-0.009883765033  
-0.0008846005903  
0.007409657852  
-0.003672056543  
0.001599914083  
-0.005926519613  
2.522468024e-05  
-0.002040226322  
-0.004507838818  
-0.004154704354  
-0.007145560339  
-0.001723702547  
-0.003386431841  
-0.01011746236  
-0.002714834421  
0.001678207864  
0.0005673113333  
0.0006873041627  
-0.002328372533  
-0.000235920794  
-0.0004604866272  
-0.003570713831  
-0.004767308296  
0.00804984769  
0.000484968631  
-0.00633231997  
-0.004907722806  
0.00423807758  
-0.004048383709  
0.001487465692  
-0.002895045686  
-0.00733448466  
0.003879518877  
0.002679673623  
-8.943912547e-05  
0.003604505763  
0.0006898245364  
-0.004040733502  
-0.00210337096  
-0.0007251892297  
-0.004810860275  
0.004067069057  
0.001991616502  
-0.0002003925413  
0.001727471269  
0.001237842978  
0.01243081295  
0.007356135823  
-0.001714734107  
-0.0007624982455  
-0.007522880379  
-0.003489896191  
-0.0003741027508  
-0.01066043566  
0.005136905883  
0.0008060834537  
0.004254577662  
0.002436206106  
-0.002947034804  
-0.006063790136  
-0.01029729494  
0.00371685381  
-0.004145269348  
0.00185948639  
0.001893411542  
0.001723569414  
0.005491721457  
0.0004275143381  
-0.005695221609  
-0.003183318712  
0.0001889130086  
-0.004402751698  
-0.005067373017  
-0.007705505693  
0.006435256555  
-0.004348695683  
0.006505208041  
-0.0001645835496  
0.002340597543  
0.003717318374  
-0.001125174654  
0.002940989309  
-0.007861484675  
0.0002250680223  
0.0003369583282  
-0.005558954045  
-0.001109991564  
0.005165886067  
-0.003645960437  
0.00271848816  
-0.0003825415119  
0.003174360031  
0.003456746378  
-0.002504939099  
-0.004365041622  
-0.005886128657  
-0.000302920104  
0.0117952274  
-0.001526032007  
-0.008302776018  
0.005499357865  
-0.002494758358  
-0.005141770055  
0.007121701748  
-0.01394010877  
0.005797884432  
0.0006881805781  
-0.004782912454  
0.001648033828  
0.01265913422  
0.006048375946  
-0.004063601557  
0.00159678466  
0.005398180915  
0.005998222533  
-0.0006024575133  
-0.01286725362  
4.575196282e-05  
-0.002067464683  
0.0004551511586  
-0.002137771739  
0.004598199798  
0.0002215911436  
0.004941722118  
-0.002343745103  
-0.003660383483  
0.01020537398  
0.007164121206  
-0.009116001007  
-0.005619810773  
-0.002258358051  
0.001853551436  
0.004874575293  
0.004745265454  
0.002339987977  
-0.004381454052  
-0.0007663283833  
0.002754249818  
-0.000595446177  
0.007850011241  
0.0006945318147  
0.002512728515  
-0.002616722563  
-0.001785793247  
0.0009494290945  
0.003962597519  
-0.008780358793  
-0.001910006452  
-0.002192179141  
0.009500536099  
0.008739888619  
0.001171000586  
-0.01393698079  
-0.001570940358  
0.005031637222  
0.005435773361  
-0.007041765845  
-0.002462637438  
0.005280655072  
0.003017539371  
0.004383410076  
-0.003460418239  
-0.005536650033  
-0.0008858776712  
-0.001270899104  
0.005965525534  
0.008102682129  
0.01054049687  
-0.001774777921  
-0.0008769741571  
0.005735956027  
0.005407340291  
0.0004941079247  
0.0007829521717  
0.01580861347  
0.008271220893  
-0.0002333713356  
0.005328039456  
-0.01710449906  
-0.001837187207  
0.003245867206  
0.006383846288  
-0.002293444394  
0.006338471199  
0.001791294885  
-0.005187201718  
-0.001855219812  
-0.0008353718634  
0.0009330454494  
0.01456006937  
0.00620650312  
-0.004371831397  
0.002263775339  
-0.01393586939  
0.008257243966  
0.01017414612  
0.010080428  
0.002375435872  
0.004637259364  
-0.0007188236454  
0.002280188558  
0.008298673817  
0.01620920085  
-0.004902751982  
0.01510556318  
-0.002796194608  
-0.00525847313  
0.00794985732  
-3.335370694e-05  
0.01202760977  
-0.01249279137  
-0.001588991953  
-0.002994722489  
-0.00251963247  
0.007785938111  
-0.0167244763  
0.006581578498  
-0.00135916813  
0.01377176747  
-0.006845782295  
0.009009645108  
0.01955932325  
0.003523468199  
-0.004016168953  
0.004299890356  
-0.01385868502  
-0.009459759763  
0.001407088727  
-0.001646961501  
0.01181698543  
0.01680496386  
-0.005256312828  
0.001333806122  
-0.006348246229  
-0.001095149132  
-0.01080344338  
0.006774473769  
-0.01913672018  
0.01068077069  
-0.009099378305  
-0.003511307121  
0.00582685843  
0.01294231831  
0.002330141108  
0.004884148409  
0.01691647574  
0.007566516248  
0.003015819419  
-0.000504692628  
-0.009482643524  
-0.0006156935847  
-0.01193168923  
0.003715734279  
-0.009206304304  
-0.002732514305  
-0.01157689812  
-0.006711491905  
0.003982254549  
-0.0244353127  
0.005504974752  
0.01499734262  
-0.01413081464  
-0.02178716207  
-0.009563121091  
0.01234364565  
0.006880895771  
-0.02803287383  
0.0009644229913  
-0.03289903433  
0.009013333699  
-0.008971680847  
-0.01652326934  
0.00636058084  
-0.02377625777  
0.01079814606  
0.01304637594  
0.02506899258  
-0.01700401043  
-0.003741327873  
0.01084425678  
0.002972687206  
-0.01360037079  
0.01921590303  
0.01178365576  
-0.0127011351  
-0.02155434023  
0.00291682382  
-0.01975829107  
-0.01068432705  
0.006720256163  
-0.009341765955  
0.008021915085  
-0.0022993075  
-0.003948830907  
0.05334999562  
0.01094439803  
0.01086443182  
-0.04727797766  
-0.03763612815  
-0.02515740539  
-0.01527296329  
-0.04492166486  
0.005589745839  
-0.0001422182706  
0.002262993965  
0.01123759906  
0.002130921518  
-0.003737492759  
-0.07377537669  
0.0299630865  
-0.01366461012  
-0.03685632888  
0.008508225376  
-0.02256341203  
-0.0388983273  
0.04675256043  
0.1063179358  
-0.02655504078  
0.004248703982  
0.475655341  
-0.9873574065  
0.2089458239  
-0.6650222659  
-0.2870224161  
1.102460316  
0.8711158631  
-3.220126586  
-0.0621497999  
0.6088863999  
-0.2132035857  
-0.6389501439  
0.1575775852  
-0.7379164322  
-0.1820057604  
-0.8659806823  
1.561539377  
-0.9584639788  
-1.56066866  
-2.664903807  
1.594581563  
-1.718288753  
1.459569078  
3.9209791  
-4.008897984  
-7.807480261  
-1.040521032  
0.3866436679  
-2.419576576  
2.143516239  
3.765619087  
0.1501995076  
-0.491486266  
-3.412701649  
-18.25560962  
