1.633552823e-13  
-1.032573012e-08  
1.509528873e-08  
-0.000318200381  
0.002106744047  
-0.0008147446744  
-0.002403517508  
-0.003154834346  
-0.002768466517  
0.001008338689  
0.004478116296  
0.008030317064  
-0.0003833063446  
-0.0077345615  
0.005040378163  
-0.004433407641  
-0.005448526256  
-8.366388422e-05  
0.0100079786  
0.001129891374  
0.004278879291  
-0.0004712888851  
-0.007425708917  
-0.00433648724  
-0.006151198841  
0.0007936901862  
-0.008806917321  
-0.004601391042  
0.004561585479  
0.001358863439  
-0.005761193984  
0.0061995206  
0.002809174183  
-0.009429564392  
-0.001852733586  
0.003479116367  
0.003755909172  
-0.01260887661  
0.007184003705  
0.01242464698  
0.005415314336  
-0.00629102201  
0.00331527526  
0.003264792892  
0.007543843313  
-0.00827233172  
-0.002123335479  
0.007415768081  
0.005008945452  
-0.00125815628  
0.006213046735  
0.0003650653139  
0.005210816561  
-0.004460518971  
-0.00171020228  
0.01225083468  
0.002580090187  
0.01083886107  
-0.006510729082  
-0.000861635367  
-0.0007789823736  
-0.01535782497  
0.005763676186  
-0.001270108988  
0.002229718476  
0.0008018964601  
-0.0005293820505  
-0.001168915639  
-0.01003368827  
0.006795812771  
0.005152937302  
-0.000570543564  
0.002604479994  
-0.0007851648799  
-0.01309317437  
-0.01007087844  
0.0005637535503  
-0.0008335731409  
0.001554758896  
0.005587847354  
0.001294277629  
0.01154585917  
0.006145244602  
-0.006081223765  
0.005090701951  
-0.002268129493  
-0.01069144177  
-3.650285944e-06  
-0.0007126946307  
0.0016396294  
0.007015403926  
-0.002299493441  
0.004960532006  
0.007088833421  
-0.004213326553  
-0.007465027559  
0.006642715351  
-0.008120962967  
0.0005695803151  
-0.003346173345  
0.0006435959714  
0.003005018821  
-0.007109628273  
0.0007314723869  
0.01033214135  
-0.009059126107  
-0.005897571835  
0.0002777904105  
-0.008834546832  
0.002019464073  
-0.009518540669  
-0.008405224672  
0.00302009753  
-0.008191730076  
0.001461519862  
-0.001205842898  
0.001093717257  
-0.007200464962  
-0.009491946776  
0.001010179753  
0.0195180341  
0.01054831772  
0.007557845864  
-0.003379343615  
0.008211683707  
0.002406931292  
-0.003547973017  
-0.004034073913  
-0.01067035427  
-0.01045004622  
0.001430489745  
-0.006275510586  
-0.0003847762963  
0.004647829496  
-0.01462014326  
0.001322422882  
0.00630557218  
0.0003347045261  
-0.002977939064  
0.001372788452  
-0.004951477264  
0.004767801553  
-0.001293561243  
0.004808960251  
0.008594991446  
-0.000258502872  
0.005790822717  
0.003878587638  
-0.0007164031887  
-0.007520291655  
-0.01040341521  
0.008298726239  
-0.007707918276  
0.003034486993  
-0.004586305089  
-0.009059963168  
-0.005580840857  
0.009616867593  
0.009917871706  
-0.002855872718  
0.002524927219  
-0.01352749013  
0.007721575401  
0.00424233108  
-0.008729791565  
-0.008616675049  
-0.002394359606  
-0.002921558858  
0.000346579481  
-0.003270118476  
-0.00788856311  
0.001378692284  
-0.004405679522  
0.004957571158  
-0.002390581885  
-0.004696454197  
-0.005901370154  
0.004649569195  
-0.002537000255  
-0.002828174473  
0.004218847053  
-0.01157795448  
-0.004469300038  
0.009043840314  
-0.0106784708  
-0.003075004527  
-0.002160464041  
0.009510812777  
-0.01455360701  
-0.009555004187  
-0.008114130352  
0.002719506692  
0.01046642349  
0.003428494493  
-0.002255562807  
0.008259961297  
-0.01087782855  
-0.01209219751  
-0.003075253851  
0.004167511769  
0.004740539407  
-0.0006483683274  
-0.005025493149  
-0.01593843813  
-0.006208586521  
0.002101757076  
0.009808814623  
-0.0005223677033  
-0.008007148312  
0.01062873704  
-0.006144058493  
-0.007719787693  
-0.006301243376  
-0.0004337771349  
-0.00922113833  
0.01136374395  
-0.00427845309  
0.001197646501  
-0.01319765757  
-0.00979982185  
0.006075673438  
0.003204923603  
0.008730435744  
0.003593834151  
0.001512070838  
0.01199927596  
-0.005406182512  
-0.006819771567  
0.00571019965  
0.00140083993  
-0.005615186534  
-0.005385796749  
0.004303801357  
-0.0007680671786  
-0.0005040258346  
0.006271714899  
0.003457073859  
-0.004233035851  
-0.001174097945  
-0.005309904015  
-0.0009586514711  
-0.01233930181  
0.003031651928  
0.005102486415  
-0.0009852223671  
-0.0102706879  
-0.0007814769731  
-0.01037594518  
-0.002757308799  
-0.01279480985  
-0.007132915401  
-0.005003134841  
0.005582715215  
0.006106850658  
-0.01250914164  
-0.01572744518  
0.01781125115  
0.004480816964  
-0.00104090278  
0.0148921969  
0.0122442412  
-0.008613769559  
-0.002121356478  
0.004299811179  
-0.003947888687  
0.0001274864176  
0.005930719523  
-0.002190863531  
-0.004841370967  
0.00324752566  
-0.008150850617  
0.008821911084  
-0.005748567043  
-0.01567105009  
-0.0080111564  
0.005874588952  
-0.003808917218  
0.017517681  
0.01385285506  
0.003481633809  
0.0249466725  
-0.008359682383  
0.00607535402  
-0.0229066373  
0.0004947403466  
-0.007094699971  
-0.007382313196  
-0.009878449496  
0.00826189061  
0.001511494266  
-0.0002364589949  
-0.004998893791  
0.003560776922  
0.0003658937572  
0.009297893699  
-0.0004522276974  
-0.008657109096  
-0.01397796944  
0.002383841366  
0.0003942963626  
-0.009057824119  
0.01196057992  
-0.01148723101  
0.00901341892  
-0.00661809744  
0.004358215795  
0.01285782081  
0.01090421354  
-0.008737233848  
-0.005347533242  
0.01030823437  
0.004141390147  
0.0003207156943  
0.008828616408  
0.006276106124  
0.01002835976  
0.0007723138636  
0.0004586852351  
-0.009384253166  
0.01806470851  
-0.003688325479  
-0.009962022908  
0.004055443385  
-0.02191486608  
-0.008512264164  
0.007082188937  
-0.003897678035  
0.007807025419  
0.02690002148  
-0.008629671691  
0.006779763114  
0.003074939128  
0.01174019979  
0.005641045912  
0.008766524622  
0.01392971073  
0.005250268335  
0.00540458832  
-0.002317196645  
-0.02033730414  
0.007739823762  
0.008929622755  
0.01596926949  
0.01038184049  
0.006893309002  
-0.008717936864  
0.01286807153  
-0.009662299979  
0.008940142073  
0.01376780944  
-0.007299125023  
-0.001754327843  
-0.009679128857  
-0.02304657108  
0.001164732209  
-0.01745412143  
0.01174183241  
-0.01165190453  
0.004234691762  
-0.007452744165  
0.009202152401  
-0.01942421036  
0.003818833928  
0.001981576571  
-0.002785847627  
0.00490072565  
0.01625536199  
-0.01106529234  
-0.01641281645  
-0.003457415288  
0.009602186041  
0.006496711745  
0.009019447372  
0.01120987641  
0.01892288569  
0.00890125674  
0.01414396404  
-0.01336018927  
0.01987690098  
0.02069245633  
0.006980542001  
0.01915582182  
0.02066614973  
-0.009345223018  
-0.003633966869  
-0.0182317147  
0.02130316056  
0.01150451914  
0.02320341613  
-0.007870867232  
0.01185765294  
-0.008245085808  
-0.006778501343  
-0.00348047561  
-0.02225016456  
-0.00220170529  
0.008656696282  
0.02552436175  
-0.005802185378  
0.01141537925  
0.01904067108  
0.03093254354  
0.009256881813  
0.004679522374  
-0.01121294975  
-0.01155947982  
0.02267720742  
-0.01071676739  
0.007909847976  
0.01954044638  
-0.01418654692  
0.02791386159  
0.005163935674  
0.01686262225  
0.008922631198  
-0.009334831398  
-0.008640564872  
-0.00112432643  
0.02046060224  
0.0008870196282  
-0.008606900981  
-0.00940363351  
0.012842096  
-0.001986391829  
0.001644883702  
-0.01164812062  
0.03075448235  
-0.005233885326  
0.02788926299  
-0.01170108918  
0.009504956348  
0.02219717949  
0.03504172277  
-0.009398734855  
-0.05322040627  
-0.02250777561  
-0.09357163166  
-0.001705817137  
-0.0004528373211  
-0.02023957421  
0.002507549911  
0.04127914778  
0.02420145228  
-0.02326688314  
-0.06867233175  
0.00197224514  
0.0006795970022  
-0.05938330894  
0.0131076935  
-0.09056226766  
-0.06725954808  
-0.04870005871  
-0.02699488769  
0.03086168129  
0.006002041795  
0.0999908937  
0.03791777465  
-0.1152672868  
-0.0001181351595  
-0.008695119504  
-0.072360486  
0.1420884356  
0.3857001419  
0.5253118434  
-3.720346454  
-0.9562451237  
-0.09369431743  
-0.5425115809  
1.776494603  
-4.061337983  
-0.4839041675  
0.05706414759  
2.224625665  
1.823683585  
-4.521250534  
-2.163583478  
0.8449128866  
0.453457409  
2.337307631  
-0.8659580678  
2.820879361  
-2.995777812  
3.814136828  
1.472127226  
4.320134026  
-0.1664828994  
4.850872699  
-0.1344122321  
0.7905348245  
2.240269198  
1.145054262  
-5.321870201  
-12.01325012  
-0.6591415852  
4.263434441  
-8.579762481  
-3.175467044  
5.502777361  
5.824011308  
