6.652169528e-14  
1.24174243e-08  
4.848841166e-09  
-0.002144387506  
0.0005732961068  
0.002330802246  
-0.004261408705  
0.003319531964  
-0.001868524168  
-0.004397744471  
-0.00438211116  
0.007221299744  
-0.007106218087  
0.002483105617  
-0.002606338618  
-0.01131065665  
-0.01305985611  
-0.00170701809  
0.009704665341  
0.001617562166  
-0.007919525142  
-0.002467924856  
0.002197273883  
0.001085237459  
0.005415105335  
-0.003802728159  
0.006792833166  
-0.002802025856  
0.004092669584  
-0.002126100157  
-0.005489989758  
0.004169771952  
0.0009683699586  
0.00349234984  
0.002970055636  
-0.01045877115  
0.00152511655  
-0.003351538594  
-0.004227050767  
0.007582677112  
0.0008038066179  
0.00816093524  
0.0001076380917  
-0.004304349052  
-0.003236035835  
0.008838968979  
-0.0007682494887  
0.008458695803  
-0.005191318319  
-0.005933225008  
-0.002995783288  
0.002124320155  
0.001578995376  
-0.003038036569  
-0.008122829353  
-0.004452377391  
0.01039285244  
0.002454582871  
0.003210255055  
-0.008205336929  
-0.002894200834  
-0.0002160065221  
0.01625232585  
-6.419213427e-05  
0.001259153324  
0.006470098245  
-0.001181358623  
0.002132657856  
0.001556818507  
0.006072706665  
-0.001652198853  
0.006622221955  
-0.002725528389  
-0.00459919095  
-0.01088763245  
0.008901226267  
0.004270799983  
0.00295171626  
0.004109631068  
-0.001375265567  
0.007889711962  
0.00340248752  
-0.002422149534  
0.003784174194  
0.0003008416409  
0.0007407344748  
0.002381835163  
0.003544516542  
-0.006320091112  
-0.0009982045893  
-0.00474945866  
-0.001304661959  
0.007482350218  
-0.0001294554696  
-0.007182827755  
0.004949949047  
0.002449897182  
-0.0004676910267  
-0.001168118489  
-0.002917071525  
0.000101210115  
-0.0004074298016  
0.005139756179  
-0.001276938696  
-0.004377285218  
0.001324107  
0.004858735784  
-0.0005802212072  
0.001093446089  
2.892678852e-05  
0.01283040837  
-0.006857381968  
-0.00761147571  
-0.01277375623  
-0.002743984004  
-0.007375612871  
0.005180643347  
-0.001956690045  
0.008516122857  
0.002967263862  
0.004236735734  
-0.003873481878  
0.01022154203  
-0.005682478436  
0.00589909337  
-0.00429794467  
0.001945483894  
-0.002709569368  
-0.00228293745  
0.003570789878  
-0.005602026452  
-0.003308707616  
0.00669551782  
-0.003759200976  
-0.002262092003  
-0.001344066592  
0.002209185035  
-0.0009506052353  
-0.005295093447  
0.004622488176  
-0.002133890754  
0.0002258218554  
0.006500610073  
-0.002167424633  
0.007166132891  
-0.003477511385  
0.005758210891  
-0.001768273881  
0.001762547134  
0.001115879363  
-0.004807869753  
-0.000424433497  
0.0007977137779  
-0.0003816890903  
0.002270706962  
0.00239831843  
-0.0007799931237  
-0.007435069701  
0.008237963306  
0.004318067049  
-0.005100783695  
0.006613174842  
-0.007099756999  
-0.001504117039  
0.00181142954  
0.01934507525  
-0.007747920126  
0.001374774943  
0.0007365117781  
-0.001128658696  
-0.01508191273  
0.004887631644  
0.009645989517  
0.00632791069  
0.005800768592  
0.00248652377  
-0.003592754167  
-0.001464056823  
-0.0003301479278  
-0.007531318087  
-0.001650125213  
-0.006001894606  
-0.01771028705  
-0.009278579588  
-0.003107113033  
0.01931785271  
0.0003114824757  
-0.005305343427  
0.01396272053  
-0.00600641631  
-0.008450613688  
0.004413209389  
0.001453669769  
0.007053898773  
-0.004341099086  
-0.004963535184  
0.01005535453  
-0.007285950362  
0.007135125809  
0.008315279882  
0.005412929756  
-0.008358526343  
-0.001182964928  
0.007959668147  
0.002228180308  
0.001012491613  
0.003427664557  
0.01383753258  
-0.001352903203  
0.002392363137  
-0.002396240313  
-0.007133323427  
0.004323167828  
0.006456860077  
0.00339150755  
-0.004041142259  
0.001729296089  
-0.00626495678  
-0.00537837895  
-0.01084698494  
0.005897602465  
-0.001891557081  
-0.005136353906  
-0.007974562952  
-0.01124706358  
0.008236284755  
-0.001793560526  
-0.007427398442  
-0.01391683024  
0.00815095123  
-0.002948986493  
0.00777092712  
-0.007644077998  
0.008491330269  
-0.006358702295  
0.001798650383  
0.01004306023  
0.01087815553  
-0.00813028348  
0.0121601047  
-0.006903045958  
-0.01126629244  
-0.001705488539  
-0.001293093595  
-0.01101777732  
-0.01057989776  
-0.004523249113  
0.0007749067854  
0.009088152201  
-0.00652151989  
0.005165253434  
0.007857969104  
0.0006915217687  
-0.001062075655  
0.007684296605  
0.01279355516  
0.01534052886  
0.004783065346  
-0.00556973213  
0.01370601688  
-0.002516888966  
-0.01384754277  
0.006222145575  
-0.001414621986  
0.00548550929  
-0.006204895675  
0.006809634578  
-0.01114180222  
0.01036187477  
0.00506526135  
-0.001986604222  
-0.006335755529  
0.01021245661  
0.001723003337  
-0.003933926152  
-0.005141097564  
0.007525823101  
-0.007972201475  
0.0127992984  
0.002886438801  
0.001169585514  
0.006582426242  
0.008783401996  
-0.0018610068  
-0.008718999025  
-0.007680527154  
-0.005816908139  
0.001275874621  
0.005207662283  
-0.001744989448  
-0.01359724752  
-0.001698658736  
-0.005445894024  
0.01365706843  
0.0008139041212  
-0.01598816936  
0.006767980699  
0.001450577896  
-0.008159548351  
-0.004455195075  
0.01506347063  
-0.001250201542  
-0.01388709792  
0.001214402149  
0.01088668256  
-0.001297468997  
0.004753880919  
0.008742935578  
-0.01509186987  
0.001014461062  
0.004834316136  
-0.01675200702  
-0.01026752477  
-0.001735655611  
-0.001284203883  
0.01294635088  
0.00743698608  
0.00263977141  
-0.009039207442  
0.002498491352  
-0.00806918342  
-0.006891901509  
0.01328415153  
0.00526149896  
0.008338744895  
-0.006120637048  
0.002675088304  
-0.00694851719  
0.008964535372  
-0.01593371317  
-0.005530041158  
0.00809693313  
0.0154461146  
0.004863999005  
-0.01049826099  
-0.003592482289  
-0.0103766559  
0.003181114375  
0.005182051239  
0.001505498129  
-0.01334131967  
0.003174191593  
0.01787888268  
0.01539572696  
0.006096430509  
0.008141384475  
-0.003015441817  
-0.002476339497  
0.007704833903  
0.00970980519  
0.01297063478  
-0.01374197645  
-0.008626149319  
-0.00864386841  
-0.0160976844  
0.004056308297  
0.00114070145  
-0.00113818458  
0.007263389334  
-0.008207503658  
-0.005152576998  
-0.007102036577  
-0.01712847542  
-0.01785777129  
-0.005591528165  
-0.02112754854  
0.001933227595  
-0.0113353554  
-0.008777408875  
-0.01048687499  
-0.000685558001  
-0.01491028032  
-0.01290003651  
0.004431633356  
-0.0192054035  
0.01123307162  
-0.01092347546  
-0.001048103168  
0.01186771134  
-0.001105675488  
0.009987456308  
-0.002729361144  
0.004494225856  
0.006795622347  
-0.001046428597  
0.002630181527  
0.01430360879  
-0.003267577815  
-0.003472724515  
-0.02473426507  
-0.008118646708  
-0.02216567929  
-0.002589874705  
-0.003040087874  
-0.001136886039  
-0.006385605089  
0.006842678969  
0.009484297304  
0.01665583938  
0.03191965351  
-0.00718827137  
0.003240727096  
-0.0002037098226  
-8.985383433e-05  
-0.03472298944  
-0.02824237567  
0.004550964937  
0.01112627285  
-0.0155942786  
0.02031118005  
-0.02042741439  
-0.007812934389  
0.002592975195  
-0.0005555666906  
-0.04575611119  
0.03063745933  
0.0006726860217  
-0.01254208277  
0.003934344325  
0.01247465325  
0.03120991564  
0.01053588615  
-0.01372065765  
0.005256736764  
-0.02135410834  
0.02158570753  
0.06961304472  
0.0165443313  
-0.01399862675  
-0.00157508333  
0.01125042712  
-0.06818776876  
-0.004043866055  
0.02075256593  
-0.01756324006  
0.04944614203  
-0.02454493149  
0.003783304049  
-0.01484965777  
0.03021859737  
-0.04505670753  
0.009187828941  
0.04952794736  
0.008386696841  
-0.02360615716  
-0.00715627722  
0.01740424838  
-0.01092112639  
0.02557250132  
-0.02010970882  
-0.01794181509  
0.01102573228  
-0.0447384775  
0.024212953  
-0.02823982756  
-0.01570470211  
-0.0627209012  
0.02515259718  
0.08021617201  
0.072070645  
-0.02658551095  
-0.06419511014  
-0.08763891534  
0.1138101119  
0.5969452556  
2.730255342  
-1.505292425  
0.8477889549  
2.858850762  
-1.801920936  
-0.4319370141  
3.931192497  
0.0480927174  
-0.6272017949  
2.232072702  
-2.516376572  
-3.330999407  
4.626243695  
-4.136931188  
0.2808556536  
-1.492700863  
-1.845666064  
-4.556513626  
2.152024782  
-1.839661467  
-7.484204994  
-0.6029564532  
1.526278344  
0.9180479973  
-3.973158551  
1.014877254  
-3.309851376  
-8.820078927  
3.129871075  
5.446809744  
8.128401384  
9.41275022  
0.8639251484  
2.068024907  
