-1.693754322e-13  
2.991125098e-08  
-1.699980745e-08  
0.0009496718384  
-0.0008161477572  
0.002091075618  
-0.008973810183  
0.003425754345  
0.003265350664  
-0.009100449233  
-0.001530312204  
-0.004898719324  
0.003006042594  
-0.001777785482  
0.003184905549  
0.005501146353  
-0.005314071175  
-0.006788128592  
0.007862258605  
-0.00233362015  
0.003510963616  
-0.0005866891961  
0.001615779082  
-0.002644210161  
-0.002760139084  
-0.007461825718  
0.01294984244  
-0.008836726349  
0.003956416748  
0.003408218031  
-0.008045045306  
0.006034685492  
0.00299567644  
0.0008369700054  
-0.008094520209  
0.001295091886  
0.007316910696  
-0.002287311253  
-0.004511942177  
0.008134233188  
-0.002632479116  
-0.008652288327  
0.005868552032  
0.00616523227  
-0.0007165887076  
0.004258652406  
-0.0006914844606  
-0.003923533655  
0.006004134954  
0.0009563414677  
5.088023178e-05  
0.001559476831  
0.0008660775237  
0.002412826949  
-0.004361128597  
0.002407700844  
0.0005916158538  
0.003810550653  
0.0001298660026  
0.003391257688  
-0.006517941833  
-0.005938395954  
-0.004315519441  
-0.007835556851  
0.009912582507  
-0.01382389155  
0.003405181073  
-0.002686690141  
-0.002582460893  
-0.004816338573  
0.00138609362  
-0.004214696264  
0.006931517856  
-0.004594254496  
-0.001089746228  
-0.003005645913  
-0.0007283849019  
-0.003362570394  
0.0002143016377  
-0.00729638725  
0.008927355186  
-0.0007921428928  
0.001455135338  
-0.0006771467923  
-0.006895050203  
-0.005563800643  
-0.004254795216  
0.007635671317  
-0.0006441200807  
-0.003826017285  
0.003355728056  
-0.008888054063  
0.01047177205  
-0.003373313412  
0.00942461853  
0.0002463484433  
0.004592923731  
0.002744081039  
-0.002319500511  
-0.01119479663  
0.0007548988827  
0.0005375413988  
0.004317981305  
-0.002502505322  
-0.003185490741  
-0.00703995089  
-0.0001071572417  
0.00859838955  
-0.00424091252  
-0.001741403667  
-0.01483810404  
-0.001274313398  
0.003157673696  
0.004553953681  
0.002631924364  
0.005039387227  
0.003520031296  
0.004157925756  
-0.007285978279  
0.001555106726  
-0.01032203931  
0.006782210583  
0.01018512428  
-0.007190576357  
0.002096938587  
0.008682743893  
-0.003111175273  
0.002056379728  
0.00966636997  
-0.005074936787  
-0.005369995046  
-0.005427812117  
0.01282142736  
-0.003113908987  
-0.0007837455979  
0.004488587001  
0.005007803366  
0.007482567473  
0.002750619205  
-0.0006586554659  
-0.001772904008  
-0.006886443526  
0.0054204213  
-0.001046690628  
-0.001639188723  
0.007637835485  
-0.01223225075  
0.003797626539  
0.005410954194  
-0.009294254988  
0.0006854340568  
-0.003293570106  
-0.0007708637726  
-0.001734423514  
0.002382412731  
-0.001702579042  
-0.01407098202  
0.0008089803841  
0.003040589725  
-0.01387145123  
-0.005721742953  
0.006260475105  
-0.001197622287  
0.0001575175553  
-0.009086477781  
0.01782094612  
-0.003225933086  
-0.003608676945  
0.001311451114  
-0.00717454951  
0.002561415501  
0.001409556086  
-0.005049133949  
-0.01181981652  
0.01036630044  
-0.006987488558  
-0.004023613345  
0.0008966525092  
0.01064323936  
0.007008832664  
-0.006058356329  
-0.003709010151  
-0.009444095978  
0.008503396563  
-0.005056699947  
0.006767748855  
0.01836480862  
0.0009261231376  
0.004378520586  
-0.003893261672  
-0.001030584257  
0.005231588244  
-0.008554690252  
-0.001405551699  
-0.006149370284  
-0.009486787362  
0.00040905915  
0.0009432418292  
0.0002095056138  
0.01284986237  
-0.0008583414519  
0.007898934664  
-0.01094068119  
-0.00268532533  
0.01182884498  
-0.004009110595  
0.003859940284  
-0.009241240191  
0.001016018413  
0.003631965914  
-0.005076636467  
0.001464652438  
0.01442475225  
0.00631923825  
0.006834314614  
0.01633268895  
-0.005528865357  
-6.536460239e-05  
-0.001425981288  
-0.01254788316  
-0.0100832896  
-0.005072746716  
-0.001642861149  
-0.01837351552  
0.003499444602  
-0.0006752767082  
-0.007139619577  
-0.009616961092  
0.001924822646  
0.01584085712  
-0.005638748692  
-0.01406519567  
-0.01176062077  
0.0108405247  
-0.003981592554  
0.002956727911  
0.007516332021  
-1.241006439e-05  
0.01043748612  
0.001547237147  
0.005242230669  
-0.009290094835  
-0.00169461885  
0.007978551853  
-0.009548398219  
-0.01770477167  
-0.009107293247  
0.002484336619  
0.001866752708  
0.006027763311  
-0.001600841431  
-0.006451609267  
-0.002391446329  
-0.004153902851  
-0.003968627111  
-0.002533558184  
0.001248000992  
-0.006773388747  
0.02280022271  
0.01111019291  
0.0009588221693  
-0.005109497498  
0.01820100727  
0.01242264463  
-0.005157731388  
0.01251449174  
-0.008444780308  
0.003063457315  
0.01405837816  
0.0173334025  
-0.003160740357  
-0.008518078413  
0.002900589609  
-0.001387410002  
-0.0143435612  
-0.01023319302  
4.0362458e-05  
0.006008928324  
-0.002003881218  
0.002349241252  
-0.01139945958  
0.01159012713  
0.00424537855  
-0.001936140178  
-0.005471835894  
-0.002724750626  
0.002446617799  
-0.001758573769  
0.001435384441  
0.001430353171  
0.002373682619  
-0.00801951165  
0.006360475219  
-0.01363055315  
-0.009581979554  
0.01267920629  
0.003827525575  
-0.01006497292  
-0.01679440385  
-0.01854711178  
-0.02009466655  
0.002255122602  
-0.001587393921  
-0.01332083303  
0.01096869082  
-0.009105554588  
0.00338841353  
0.01923027872  
-0.006547746887  
0.009212459633  
0.001077719096  
0.01161057712  
0.01022403443  
-0.0009601422026  
0.00305053289  
-0.01848945006  
-0.009738694023  
0.007271940725  
0.01508735882  
-0.00317864084  
-0.003014168389  
-0.01429757185  
0.005426661327  
0.005627657037  
-0.01105128931  
0.01294030417  
-0.007874866099  
0.008643270928  
0.01048509785  
0.01521910379  
0.004470082584  
-0.003800616406  
0.01203904101  
-0.01804136994  
0.009172198754  
0.003988476396  
0.003995698956  
0.005712485773  
-0.005970108627  
-0.001165886214  
-0.009258660455  
0.0127087018  
-0.02116975235  
0.01529219915  
-0.001458029258  
0.01760478338  
0.01502740028  
-0.01111571953  
0.01937628679  
0.009455232901  
-0.0001688121441  
-0.002101852922  
-0.01150681451  
0.003460621352  
0.01739910599  
-0.0008819491452  
0.01696811034  
-0.007211117206  
0.01494744615  
0.004609685402  
-0.009823962501  
0.009385371714  
-0.02187355306  
0.002938123865  
0.02936825435  
-0.00206495626  
0.00196534353  
0.0002394294574  
0.01458070397  
0.01272610374  
-0.00839576671  
0.009430648018  
0.005138795717  
0.02222737696  
-0.0002895715618  
0.0128825672  
0.00554877263  
-0.004050768159  
0.01093700483  
-0.005350057764  
-0.003803925369  
-0.01147662417  
-0.0008923610301  
-0.01655652478  
0.006755329618  
-0.003347780093  
0.02558944546  
0.02214993701  
-0.009785107131  
-0.02241653865  
-0.01395708805  
-0.008400817949  
-0.001931886859  
-0.0096537677  
0.0002030155929  
-0.01571893938  
-0.01057933985  
0.01478897091  
0.00606412168  
0.01721267909  
0.01329072062  
-3.500526378e-05  
0.00311753736  
0.04214308012  
-0.01067544953  
0.02060178296  
0.01315637862  
0.001130980423  
0.03531482308  
-0.006336141204  
0.01125774239  
0.04063628651  
0.006837073371  
0.03345801701  
0.005348448779  
-0.005205579187  
-0.02627537461  
-0.04572607527  
-0.03224001335  
-0.02475066279  
-0.02747693709  
-0.0333506972  
-0.02115045337  
-0.04488434996  
0.0217131433  
0.004143844812  
0.007974987716  
0.05785775184  
0.001090171271  
-0.02821862149  
0.002016077486  
0.01305917504  
0.03223358478  
-0.0541828596  
-0.05953125964  
-0.004162373242  
-0.06831913215  
-0.06335515362  
-0.03880706702  
-0.04080681605  
-0.02649590983  
-0.05206953515  
-0.0004808257109  
0.05407762942  
-0.009388268576  
-0.04309777027  
0.07182612243  
0.03705038352  
0.1178734239  
0.01294026339  
0.01522108739  
0.05729652467  
-0.2121369594  
-0.05223856167  
-0.100427427  
0.108317044  
0.05877744758  
-0.02977806173  
0.09526898586  
-0.2244299749  
0.01469913003  
0.08147156653  
0.3887580245  
0.6785963471  
-4.244428574  
2.272387479  
-5.090633091  
0.6619964543  
-1.42988989  
-0.5188471415  
-3.184484159  
-3.514188192  
-3.331385037  
-3.862408994  
1.53994403  
-0.1179161037  
-3.713881734  
-0.579455195  
1.056814987  
-3.297915783  
-0.1082605852  
-0.4964624781  
3.53292201  
0.7709075633  
-0.2839357619  
-4.332526157  
-4.371623812  
1.297864404  
2.825250241  
1.421000841  
1.081307278  
4.968398643  
0.3337785379  
-2.773850336  
0.3700448645  
-5.891159749  
-2.444423203  
-1.155970949  
-15.29473845  
