-6.645174788e-14  
-1.077658368e-08  
-5.129901357e-09  
0.006127437648  
-0.002373427939  
0.007063874242  
0.004891337273  
0.003981618668  
-0.006521442849  
0.003966036694  
0.006110007996  
-0.00124948456  
0.0006868771776  
0.006343662439  
0.003458445463  
0.01093181276  
0.001707839132  
0.008066277786  
-0.001957192954  
0.005731366114  
0.008962102452  
-0.01490117252  
0.02309090914  
-0.01158639678  
-0.00764359537  
-0.005200443932  
-0.01226825169  
0.006980806632  
0.0116786328  
-0.01067346669  
0.0009014229559  
-0.01793760377  
0.004296598194  
-0.01347919339  
-0.00577122329  
-0.000962892294  
-0.007756313338  
-0.01592453772  
0.0007612227784  
-0.006742472598  
-0.002860261296  
0.01135674438  
0.0005620367451  
0.009776267513  
-0.005678351231  
-0.0002637372118  
-0.01405754822  
-0.002317463907  
-0.006541904218  
-0.002606336091  
0.001138242073  
-0.01220052218  
0.001602635419  
0.002942439246  
-0.0008826611781  
0.002133044618  
-0.01229071738  
-0.01107419823  
-0.001798292242  
0.001987414983  
-0.006108457226  
-0.000477872871  
0.007879857307  
0.007696524559  
0.001172651493  
0.001884088053  
0.005842242962  
-0.004105311497  
0.002095456021  
0.00624976561  
0.007498292476  
0.01027220362  
-0.00303717065  
-0.0001424387734  
-0.01018656042  
0.001772372138  
0.003606231492  
0.001241126948  
-0.01621509926  
-0.003493662962  
0.007584177906  
0.001250920287  
-0.0009227069336  
0.006229724181  
0.008141056754  
0.004024003514  
0.01638811814  
-0.01712155994  
-0.01328601724  
0.01348471866  
0.002020432265  
0.01673483651  
0.01249224103  
0.008789813101  
0.009998316826  
-6.363058888e-05  
-0.005294858345  
0.004212597566  
0.01044805128  
0.0002585949594  
-0.008481990735  
-0.01471499248  
-0.002134298075  
-0.002386051104  
0.01115782258  
0.001259793246  
-0.008787191908  
-0.002797099687  
-0.009674823557  
0.01737706374  
-0.008522345476  
0.01418348055  
-0.003801891184  
0.0151900936  
-0.006181968065  
-0.00385853262  
0.0001329517652  
0.02268793286  
0.004852781625  
0.0004609092275  
0.01973180501  
0.007137710366  
-0.0140055322  
-0.008249428078  
0.005667527056  
-0.009408587996  
0.01383332283  
-0.009204678432  
0.007836771685  
0.009887581054  
-0.01521102001  
-0.0007981974165  
-0.0005634169807  
0.003859395552  
-0.001274865509  
-0.003810954116  
-0.002734400908  
0.003866489864  
0.004554032926  
-0.003626875642  
-0.006940274628  
-0.00641208108  
0.003019872677  
-0.003626135844  
0.008162104919  
-0.002037284737  
-0.00496453874  
-0.01135678506  
-0.002640335159  
-0.01686248846  
-0.003382149093  
-0.003974903411  
-0.01256201813  
0.00198456253  
0.01084187218  
-0.003997409168  
-0.002013483225  
-0.001437398658  
0.006994739688  
-0.004993889051  
0.01353808214  
-0.002428827491  
0.007032435134  
0.02204499954  
-1.896344955e-05  
-0.002400194294  
0.007089173178  
-0.006244991812  
0.01010386627  
-0.01388279077  
-0.005197778215  
0.006787891614  
-0.005398117813  
0.00750981496  
-0.006420026325  
-0.01231948657  
0.01817316837  
-0.02253777813  
-0.004644181857  
-0.01053699389  
0.0171345977  
0.02757112642  
0.002943283778  
0.01133570483  
0.0002619125837  
0.003208161272  
0.007861356996  
0.006449130121  
0.0208326548  
-0.007660474129  
-0.005142184713  
0.005939742761  
0.007029167648  
-0.007677741806  
0.01269780403  
0.01647942494  
-0.008194797368  
0.001953016323  
-0.001412240034  
-0.01404845136  
0.01245212486  
-0.01706254819  
-0.01143809149  
-0.007150217248  
0.01865658316  
-0.02607958415  
-0.0007866944968  
-0.01790654727  
-0.009179204272  
-0.00176281957  
-0.005138721805  
-0.005783917661  
-0.01326279222  
0.002745366943  
-0.004428061524  
0.02615704732  
-0.02464745481  
-0.01464977112  
0.02253357318  
-0.007470389174  
-0.01413452299  
0.00328208115  
-0.01987964685  
-0.008462470118  
0.007738440427  
0.00735988153  
-0.008076563696  
0.01910342945  
0.01321549517  
-0.001090060135  
-0.008832290507  
0.01542677476  
-0.01062957249  
-0.0006313972775  
0.001361346758  
-0.005063511472  
-0.002168303613  
-0.002152706284  
-0.01908513746  
0.006696396848  
0.009560897909  
-0.01444814111  
0.0159204245  
-0.001148234391  
0.02815739037  
0.00438651165  
0.007042656632  
-0.01055938962  
0.007271893159  
-0.005516705018  
0.01049067058  
-0.01349966649  
0.0082689922  
0.002184143374  
0.009777799622  
0.01046270506  
0.01915489486  
0.009445961471  
0.01085243744  
-0.004730619734  
0.01428962523  
-0.003176581288  
-0.01674767789  
0.01684436842  
0.0150266073  
-0.005726757064  
0.004067498913  
0.0003250654989  
0.005305745238  
-0.01299295382  
-0.004081758312  
0.01968495358  
-0.006464284421  
0.0103680685  
-0.01154860736  
0.009039546472  
-0.008719044661  
-0.00227169519  
-0.01357300077  
-0.03192064527  
0.02592833701  
0.02709587385  
-0.01835394495  
0.009780916715  
0.001913448928  
0.002172034202  
-0.01436822363  
0.00808089664  
0.0002913215319  
0.01818760634  
0.001485320478  
0.01470834896  
0.008029183521  
-0.006248935969  
0.01133821844  
0.008338151344  
0.003392902068  
0.01477652737  
-0.009530867102  
-0.003432751477  
-0.02747315169  
-0.008695485135  
-0.006661918687  
0.009861793573  
0.01015924492  
-0.00379529358  
-0.01618920825  
-0.00371778995  
-0.006823247896  
-0.01231812854  
0.01732108997  
0.002390329481  
0.03382129159  
-0.0244590866  
0.02607516569  
-0.01310205385  
-0.00337017129  
-0.0207064443  
-0.01575524041  
0.0002755606409  
-0.005569796392  
0.01519243144  
-0.0211282054  
-0.02188994061  
0.005746053817  
0.03151032992  
-0.01400097742  
0.02719333358  
-0.01921823341  
0.01495556025  
-0.01172382096  
0.002779028585  
-0.006285451181  
-0.01945982712  
0.05123821002  
-0.001795671664  
0.02154859399  
-0.006959370255  
0.03066966929  
0.007364796317  
-0.007964220888  
-0.03427344582  
0.004993535432  
-0.01533896705  
0.005958532346  
0.03520502191  
-0.004645107849  
0.02621704513  
0.001229077857  
0.03252643472  
-0.01968123131  
-0.0009255378672  
0.04086569242  
0.01283150521  
-0.05680945519  
-0.001863817791  
-0.01505479904  
-0.01536440372  
0.001613702503  
0.008663130194  
0.01770803402  
0.02774337989  
0.03071787821  
-0.01393791926  
-0.0664379386  
0.008208429166  
0.01839547751  
0.01172799016  
0.02579282718  
0.04310893085  
0.01397399628  
-0.01282842464  
0.04301564313  
0.04944566927  
-0.01178530682  
-0.002689314828  
-0.003067969421  
-0.008173391471  
0.02837966822  
0.0005744551677  
-0.00285421691  
0.015366531  
-0.003293090122  
0.05982001382  
0.01357282665  
0.03914767107  
0.01915846882  
0.03055700758  
-0.006331812303  
-0.02645141524  
0.03999485409  
-0.01712224201  
0.01716327797  
0.02263548018  
-0.06149340491  
-0.08366755865  
-0.00387604722  
0.01130762319  
-0.02134622294  
-0.01255429676  
0.01402558248  
-0.03387867772  
-0.01255280644  
0.06233524356  
-0.01757232193  
-0.0115304037  
0.009925261369  
0.001449779788  
0.01620736586  
-0.0308161494  
0.02775610609  
0.04473062439  
-0.02069877416  
-0.04518005793  
0.03458675561  
-0.04862289721  
0.03037344371  
0.01867977911  
-0.001750780725  
-0.009172151295  
0.06195561137  
-0.05103242983  
0.0226290435  
0.04531117038  
0.0737255715  
-0.005822446024  
-0.009266341922  
-0.05433199463  
-0.03983930511  
-0.005558585175  
-0.04870944045  
-0.004501529967  
-0.09591717249  
0.0308830793  
0.01643157255  
0.01217527702  
-0.08573657082  
-0.02974264024  
0.04459182117  
-0.07218308173  
-0.1284668015  
0.02099553737  
0.09604063573  
0.05412922827  
-0.07690038689  
0.1237934001  
0.04360386565  
0.1482050126  
0.06987589583  
0.0409464976  
-0.01366284218  
-0.1175648168  
-0.1584802091  
-0.08881874168  
0.1299785359  
0.3980913004  
0.2230397668  
-0.01759887052  
-0.4436505479  
0.02687229583  
0.1264677566  
0.2130184832  
0.2729767782  
0.1380641967  
-0.4144414554  
-1.424432822  
-2.010554337  
-0.6904825293  
0.4468155642  
1.671954433  
-1.308235591  
-0.2748249418  
-0.6465865486  
0.7931571498  
-1.280270912  
0.5158404362  
1.218965065  
0.3940874778  
-1.353040024  
1.503867663  
1.674269727  
2.042280666  
2.097655674  
6.421168749  
-0.6411920857  
-4.177441772  
-2.153483338  
-1.818348286  
-18.19180138  
5.906155541  
0.5533948963  
-1.496256076  
0.841111586  
3.463127191  
-0.2650662915  
1.9032846  
3.361805645  
-0.5729525274  
1.464877375  
