4.072735545e-13  
1.948908516e-08  
3.338168671e-08  
0.001224271104  
-0.001090588076  
-0.006594901784  
-0.007655838282  
0.01229460119  
-0.001628914505  
-0.01038921007  
-0.01028955897  
-0.007789454529  
0.002097642698  
-0.00578373491  
-0.01525384943  
-0.008952847773  
0.002058831716  
-0.002698334896  
-0.004919519842  
0.004801182491  
-0.0006633030947  
-0.009656044054  
0.001163746047  
-0.0004186241055  
-0.0009014514434  
-0.001015157839  
-0.001134354197  
0.004925981566  
-0.0008252608498  
0.01027049249  
-0.0104742936  
0.007384567626  
0.007398828958  
-0.006881130889  
0.01377698092  
-0.003394049906  
-0.01214136309  
-0.003307491824  
0.003613791719  
0.0003789146204  
-0.01464799768  
-0.01054466758  
-8.964797591e-05  
0.007634180997  
-0.002582134348  
-0.0002401877021  
-0.001825422551  
0.01123621578  
0.009322096934  
-0.00606035117  
-0.01047881093  
-0.003718953998  
-0.004734224864  
-0.009076735803  
0.01341414192  
-0.01252278702  
-0.001911598173  
0.01373670418  
0.002919879652  
0.008466052106  
0.009118450681  
0.01224739702  
-0.0004125542839  
0.0009746951767  
0.006181496261  
0.01478248408  
-0.009312902608  
-0.0009704872101  
-0.002083389705  
0.0003981224906  
-0.01877898092  
-0.00451200245  
-0.001866493925  
0.001476665852  
-0.01789776783  
-0.002671959832  
0.006545827477  
0.003547253662  
0.01146115496  
-0.001447797666  
-0.005530162301  
0.004210486117  
-0.004820523992  
-0.009299943443  
0.007153671954  
-0.001344556134  
0.004487467764  
-0.008053533082  
-0.01456845775  
-0.01059413308  
0.002024478791  
-0.0107994725  
-0.008454601799  
0.001075715951  
-0.00323811799  
0.003117149494  
-0.0006634908013  
-0.009589436913  
0.006537606746  
-0.005978798096  
-0.0199433177  
0.008315053503  
-0.004491988609  
0.001761440872  
0.007272384014  
-0.009694451741  
0.008646243932  
0.000395608789  
0.0005254106234  
-0.003034088778  
-0.01035489518  
-0.0009057519985  
0.01214114522  
-0.01425696007  
-0.00241029852  
-0.0023431471  
-0.01940303557  
-0.004358765764  
-0.01163820941  
-0.001258854496  
0.006520378064  
0.001408533857  
0.008465856212  
0.003548730274  
-0.001862681815  
0.005972543678  
-0.008804162782  
-0.01030295327  
-0.002719016076  
0.006570309926  
0.0007078458916  
-0.01388122114  
0.0005875066485  
-0.01125161473  
0.006305737517  
0.006093087752  
0.01424015159  
0.00937399842  
0.008862177073  
-0.01147974082  
0.00633360634  
-0.009985528391  
0.003741340777  
-0.005524205994  
-0.007299560875  
-0.02083017679  
-0.0009154218999  
0.008080035372  
0.004158463411  
0.003493041067  
-0.01062379538  
0.01953209836  
0.001654243546  
-0.008306512301  
0.0125704512  
-0.008361386509  
-0.004026606874  
0.0001164948057  
0.01276308459  
-0.002594056384  
0.004647057166  
0.003871201446  
-0.000997522451  
0.008461184705  
0.001402655304  
0.00183789716  
0.001975052032  
-0.004729380664  
-0.01314132707  
0.005210364351  
-0.003335765874  
0.01092347422  
-0.002307635512  
-0.0002770401654  
0.01271685572  
-0.009655392596  
0.002932715016  
0.009840207566  
0.001904898182  
0.01004773686  
-0.009206700922  
0.02199781133  
0.005258135868  
0.003795898443  
0.006373065342  
-0.003461698551  
0.006047988451  
0.01693449955  
-0.004492535048  
0.006103198003  
-0.007776537949  
0.009444646475  
0.0009932519267  
-0.007260838175  
0.004796520515  
-0.0008217550073  
-0.003874941635  
0.0112078237  
-0.0100988698  
0.02271278788  
-0.00610015845  
0.0004551216504  
-0.0163302581  
0.005659126294  
0.00680421358  
-0.02289094863  
0.0136935725  
0.006255594682  
0.005181653821  
-0.01567014539  
-0.001307421534  
-0.009499846009  
0.005816477182  
0.001559594551  
0.001503829055  
-0.001278756258  
0.00713458453  
-0.004934916881  
-0.001050539846  
0.005655592958  
-0.002934660318  
-0.0112659133  
-0.004082403337  
-0.007179653804  
-0.001679146985  
-0.01337149743  
0.0034911506  
-0.002019911487  
0.002921335399  
0.006140941161  
0.01198319432  
-0.002733771246  
0.02034259978  
0.01193172655  
0.009911053219  
0.005726954402  
0.009235279285  
-0.001335638045  
0.01381498631  
0.01532763518  
-0.004348780945  
0.02118207211  
-0.001435709653  
-0.0003399454142  
-0.01017038393  
1.458082858e-05  
-0.001410397592  
-0.001171041449  
-0.004679114184  
0.001986707144  
0.004432798717  
-0.001528441242  
-0.01345832256  
-0.0003423389035  
-0.008497085428  
-0.002359456974  
-0.01006803278  
-0.007002250971  
-0.007573052944  
-0.008506949526  
0.01294073846  
-0.0006571635178  
-0.006526126281  
0.003491996318  
-0.01801509976  
0.002905703794  
-0.02774465469  
-0.008360933196  
-0.001319176443  
-0.001858664986  
-0.00856930472  
-0.00962568603  
-0.004326208395  
-0.01062258843  
-0.001768366742  
-0.01151649272  
0.007584466006  
0.001507622909  
-0.01434586184  
-0.02428503503  
-0.003396034746  
-0.007855926237  
-0.001007579786  
-0.00229009968  
0.01520129522  
0.01093420312  
0.00725038186  
-0.01675995859  
0.007836267965  
-0.01509681789  
-0.002888007199  
-0.004301957806  
0.003469244383  
-0.01059626222  
-0.003302724492  
-0.01249695891  
-0.009694663767  
0.004931563543  
0.01699985598  
-0.004309831108  
0.01936274411  
0.008015176503  
-0.002621589635  
-0.009547152858  
0.01124330603  
0.01629642426  
0.01304437318  
0.02286003131  
0.01968940388  
0.01284501841  
-0.003604521593  
0.005150073574  
0.006196578732  
0.002083956662  
0.01796616807  
0.01810263069  
0.01796305416  
0.006707530735  
-0.01509922615  
0.006100449981  
0.006251477314  
-0.002113688932  
0.01753802949  
0.00212656373  
0.007021287121  
-0.005887374147  
0.02082597756  
-0.006437005415  
-0.004966031358  
-0.02445291269  
0.01192646424  
0.005125385162  
0.01319387188  
0.001016247146  
-0.01661877661  
0.01083611063  
-0.001534089744  
0.004719003747  
0.00185815854  
-0.004758710523  
-0.0232472095  
-0.007346089087  
0.004217772919  
-0.0153139509  
0.00501737057  
0.01466652124  
0.002423556877  
-0.02463131757  
0.01453810631  
-0.007072153592  
-0.004406479695  
-0.02060715798  
0.007797149147  
0.02129124337  
-0.01040030583  
-7.750663728e-05  
-0.01696300932  
-0.003008041194  
0.0004304815672  
0.008233528782  
-0.00370586897  
0.02254124647  
-0.01244481392  
0.01091459185  
-0.006665322211  
0.001117156645  
-0.009700922605  
-0.008522151086  
0.01263475797  
0.01090420064  
0.0007078661435  
-0.0107824651  
-0.01465316777  
-0.007153624783  
-0.003927049581  
0.00669279865  
-0.01369792383  
0.01068356553  
0.002787234248  
0.01994625162  
-0.006757185147  
0.03911927521  
-0.009302085368  
0.03254829881  
0.02485001668  
0.0004875906693  
-0.004262587544  
0.02737167856  
0.01205338251  
-0.02031678439  
-0.02384851417  
-0.007801548317  
0.01403136029  
-0.01930088563  
0.01821831983  
-0.00913041643  
0.04280657137  
-0.01424262936  
-0.05854906864  
0.02926391392  
0.005290305467  
0.01768775804  
-0.01212924404  
0.01675100212  
-0.02147704238  
0.01747294328  
0.003030555935  
0.004211142443  
0.01348314764  
-0.03831685453  
-0.001472653237  
-0.02504342165  
0.01112787639  
0.01379758291  
0.05976704246  
-0.05712956291  
0.02054075795  
-0.05331592733  
-0.002041091159  
0.008628005673  
-0.03933295762  
-0.005577179824  
0.03467736867  
-0.08020360147  
-0.01988802753  
0.04261268124  
0.01742854606  
0.04062375031  
0.008926918856  
0.01435080622  
0.01624136645  
0.02533687538  
-0.01027316675  
0.02570723759  
0.05804716471  
0.002479319059  
-0.01414253094  
0.01632851575  
0.07846014613  
-0.08838754997  
0.02048598728  
-0.0206432738  
-0.002717872478  
-0.004508993217  
-0.08751599212  
0.01579594728  
0.002110227204  
0.1301496413  
-0.06372874042  
0.07366001486  
-0.03583440251  
-0.0516488592  
-0.0877390046  
-0.08113817949  
0.06725484382  
-0.05026315574  
0.03193928572  
0.09100174142  
-0.009686358925  
-0.04178860547  
0.2684110921  
-0.1068994214  
0.07530765942  
-0.08155693638  
2.478449037  
-0.6689633862  
-1.350190671  
-4.85677074  
-1.22657264  
-4.817059073  
0.05347184977  
1.060207914  
-0.8529322562  
2.82215891  
1.281100862  
-1.533221232  
-5.237437376  
1.348768637  
-2.337731134  
2.393280173  
-1.718543446  
2.363296904  
3.561352777  
-1.411142203  
2.712851678  
-2.651226556  
3.562325226  
4.45078417  
-1.007726662  
-0.7258581879  
0.3409095773  
0.8230876946  
5.889940579  
4.384638796  
-6.951215385  
-3.71046875  
-13.09359479  
1.325153512  
5.026691009  
