1.017156454e-13  
-2.580092731e-08  
1.037858671e-08  
0.0008006322736  
0.001333277368  
-0.0009417611058  
-0.0004527094494  
0.0006311763516  
-0.001624542235  
-0.003806805454  
-0.005130709198  
0.008605350508  
0.002451550702  
0.003133052176  
0.001949969744  
-0.007830362694  
0.003965625292  
-0.004191017141  
0.006572191198  
0.01582716329  
0.01039714257  
-0.002993421696  
0.005022239283  
-0.01447391103  
-0.007960907963  
0.01580089757  
0.005491959289  
-0.01194254151  
0.002632566995  
-0.002013951107  
0.002845561658  
-0.006383277722  
-0.001966814175  
-0.003306821888  
-0.006523398293  
-0.003658922708  
-0.004824250562  
-0.003418821111  
0.007125987982  
0.0002327779801  
0.003630632537  
-0.005108205569  
0.003726519433  
0.005706697497  
0.001570872019  
-0.006426825935  
-0.007072062065  
-0.006486708792  
-0.005468948608  
-0.0008045212831  
-0.0003099522732  
0.01062549591  
-0.004212881356  
0.009506816878  
0.003670197786  
0.004436222023  
-0.0024085531  
0.009924190946  
-0.007164651248  
0.003744662891  
-0.0001173671916  
-0.001137687475  
0.004196271743  
-0.01228924734  
-0.01904023605  
-0.001580922415  
0.0002740848799  
-0.003710886475  
0.01196519708  
-0.0001247149848  
0.003934203347  
-0.002817170289  
-0.000247205099  
0.0003040333404  
0.01078012131  
-0.01570692719  
0.00944076353  
0.02228781479  
-0.005048759301  
0.01323426547  
-0.00645286949  
-0.008589554634  
-0.003827397855  
-0.004293441381  
0.005808928823  
-0.01084411165  
0.007356939162  
0.007435657342  
0.001864779974  
-0.006714566863  
0.009594169465  
0.01334244136  
0.008285169173  
0.0005818207111  
-0.003709501799  
-0.0004903869178  
-0.0005443025287  
-0.01181702553  
-0.002564301653  
-0.01152089046  
-0.005924809403  
0.006025762034  
0.01335678383  
0.00583037118  
0.01249113775  
0.007685026413  
0.003884990657  
-0.000441959575  
0.001874794166  
0.005402458894  
-0.01166572362  
-0.01143117569  
0.004522268596  
0.00356684092  
-0.01251121653  
0.004231915182  
-0.009811858293  
0.005778550406  
-0.002565382724  
0.004843947867  
0.008517618926  
-0.001392139448  
0.01228123257  
-0.009731037214  
-0.001490869815  
0.01249820911  
-0.0008868867195  
0.01293628502  
0.006976798628  
-0.0003969494316  
0.00957671407  
0.002867532482  
0.00394251645  
0.004148438156  
0.004245380776  
-0.0005093339228  
-0.001019129153  
-0.01435575871  
0.009977394778  
-0.00148232989  
-0.003761270408  
-0.009502642027  
-0.001626172367  
-0.01327998935  
0.003213442639  
-0.005361807489  
0.004348029281  
-0.002314007817  
-7.852080857e-05  
0.005333830609  
-0.006464686899  
0.007770664698  
0.01076776015  
0.006377498118  
0.0003195052763  
-0.01055654091  
-0.005889970251  
-0.001643087439  
0.01334120099  
0.01522021692  
0.005191161554  
-0.00116556952  
0.002250852898  
-0.002520583785  
-0.01009567709  
0.006848522089  
0.003435097967  
-0.01158582345  
0.009880953964  
-0.008785317874  
-0.006667614431  
0.01416169054  
0.00992282432  
-0.01219340798  
-0.01337702381  
-0.003154699562  
-0.00393118174  
-0.002805243742  
-0.01527422937  
-0.01563890906  
0.006053181844  
-0.01154454323  
0.005481968088  
0.003612737408  
0.00366918245  
-0.008996083862  
0.01002858036  
0.004182691869  
0.009268142834  
-0.004679439818  
0.008584270955  
-0.007101845012  
-0.007000539361  
0.01220558583  
0.01275064957  
0.001178625573  
0.005745332935  
-0.01723664225  
-0.01376158912  
0.003029611846  
0.006480023385  
-0.007824413466  
-0.01116646504  
-0.009051501857  
0.01325545363  
-0.00568444745  
0.00170389442  
-0.0007487003196  
-0.008826899104  
0.004243029009  
0.002248858768  
-0.007852774027  
-0.004820131507  
-0.005253164282  
0.006722926947  
0.007423869763  
-0.004811393264  
-0.004843583352  
0.01127206703  
0.004580582088  
-0.0004786150706  
-0.01135475976  
-0.005952036569  
-0.008473417087  
0.008627606927  
-0.01029064599  
0.007290565651  
-0.01566906129  
0.01226046531  
-0.002151218656  
0.009377275963  
0.008598249837  
0.01480354844  
0.008397661681  
-0.0144366287  
0.007545706249  
0.002769599211  
-0.005231327639  
-0.02439073819  
0.002512043865  
5.105335746e-05  
-0.01809668483  
-0.01760020526  
0.01577626208  
0.01214601252  
0.009333037551  
-0.003243369463  
0.01370094282  
0.005726389476  
-0.01444348113  
-0.0107022661  
-0.008303155517  
0.004623342098  
0.001288977821  
-0.01485051395  
-0.01180446079  
0.009148653218  
-0.004612873774  
-0.01918992829  
-0.01276889495  
0.005313361091  
-0.005623075456  
0.01048279262  
-0.01152327024  
-0.003397493558  
0.00885001275  
-0.02171690931  
-0.008174867199  
0.009069449051  
-0.00710110006  
0.01980168025  
0.008474370028  
-0.001891904677  
0.004839701335  
-0.001835632942  
-0.01952196131  
-0.01114966358  
0.006743392534  
0.0128519987  
-0.007787496796  
0.003840432194  
-0.006293934016  
-0.02747772801  
0.008684700001  
0.006947187124  
-0.01154361284  
-0.008607712873  
0.006335500244  
0.007105511525  
0.006464450253  
0.0106363514  
0.003199317076  
0.006196065426  
0.004741647633  
0.01433278346  
-0.005537100481  
-0.01111850046  
0.01102868265  
-0.01037103865  
0.009191542268  
-0.0001913401869  
0.01238000918  
0.008024877701  
-0.007190282987  
0.009105550621  
-0.0019032026  
0.005881909706  
0.002860862739  
0.005465018769  
0.002651138834  
0.006768679742  
0.01868275272  
-0.001410238862  
0.003578019402  
0.00340165064  
0.008471478124  
0.01945239232  
-0.02929522929  
0.001857206753  
-0.01055631847  
0.00288578333  
-0.02203242624  
-0.003102781585  
-0.00279507386  
0.02115810644  
-0.009745049118  
-0.02338022493  
-0.002114984768  
0.0001563568884  
0.007662766352  
0.001739386591  
0.009071256088  
-0.007344756479  
-0.001132855186  
0.007267315066  
-0.002029149535  
0.03739402482  
-0.01703279855  
0.003755602703  
-0.01712935056  
0.02226599217  
-0.005518046494  
0.004791947079  
0.00158309113  
0.02989161875  
-0.00936271384  
-0.004507645212  
0.002990827514  
0.002985173854  
0.000202432542  
-0.01140261273  
-0.02506208966  
-0.007984547648  
0.000633998487  
0.02353202422  
0.00760617116  
0.004507386286  
-0.0349408657  
0.005869301624  
-0.01024058882  
0.01389044674  
0.02377505085  
0.0182941541  
-0.002408480956  
0.0006480816978  
-0.01106782073  
-0.01096186957  
0.02688034472  
-0.01278068248  
0.009118939316  
-0.03155382263  
0.008960766599  
-0.02772051252  
-0.001055157245  
-0.01452532675  
0.01066444763  
0.01071709733  
-0.00918916286  
-0.003089999727  
0.02223171265  
0.004746982356  
0.004175276401  
-0.01551832273  
-0.01174222558  
0.00566838217  
-0.01179054011  
-0.002472404567  
0.02316754215  
0.009626810772  
0.0002994532235  
-0.0138232501  
-0.03210906699  
-0.005150964004  
-0.01021286752  
-0.02672731948  
0.01668209468  
-0.008301244642  
3.659946446e-05  
-0.003255769337  
0.02064543455  
0.03893051485  
0.005608638094  
0.03786539906  
0.01017244001  
-0.008817725015  
0.04557953185  
-0.02875319042  
0.02749735526  
-0.01586588914  
0.002852479469  
0.0252122458  
-0.0008142719535  
-0.003042846991  
0.01989506044  
0.0009831353625  
-0.007316303329  
-0.03096999717  
-0.01506956551  
-0.0152285497  
-0.04505442688  
-0.003773163047  
0.02287021206  
-0.01938535915  
-0.01695134744  
0.01053908576  
-0.01850792014  
-0.03224268664  
-0.0379433823  
0.06356908321  
0.02229400154  
-0.04758409774  
0.02677967634  
0.05400345548  
-0.04010558458  
-0.04070180208  
0.003845371797  
0.02683752143  
0.009120916097  
0.0158390182  
-0.02684889479  
-0.04429718319  
0.04251447521  
0.05319783499  
-0.0445493399  
0.0633180444  
-0.04454466216  
0.02673354919  
-0.04870783241  
0.02629741922  
0.02341431049  
-0.1076767597  
0.04238141526  
0.02040348203  
-0.09345828304  
0.0450790129  
0.08348027633  
-0.1370848584  
-0.1246544769  
-0.1203273983  
-0.01851085916  
-0.06950206943  
0.07965902909  
0.2248952405  
0.6100112925  
-2.50034269  
-1.644314931  
1.738172036  
-1.9559831  
-3.562329738  
1.25302174  
0.1175264834  
6.496880602  
-1.273804781  
-0.9462501356  
-0.5694045946  
-2.007877664  
0.1048416912  
0.7640073518  
-2.351572859  
-2.147666803  
6.986310948  
-1.957547806  
-5.664087526  
3.073077482  
2.372632279  
-0.2541183432  
-5.530222713  
0.830805006  
0.7664111035  
-1.25217296  
-0.6298424854  
1.155268147  
5.998402694  
-1.608468439  
6.449173883  
-4.171548253  
-13.11860149  
-1.822332868  
-0.2187470319  
