-1.135672553e-13  
-6.554323704e-09  
-9.682004094e-09  
9.436078435e-05  
0.003260258359  
-0.001944140724  
0.0004407388239  
0.008127121094  
0.0004132117688  
0.007046033657  
-0.001560644299  
-0.002860492426  
-0.005258288883  
0.004118064735  
0.003367157412  
0.002412397699  
-0.003416247876  
0.001196368714  
0.009640678335  
0.002329331701  
-0.0002028699306  
-0.001468975306  
-0.005025563389  
0.002570659523  
-0.004532307518  
-0.006838973565  
-0.00178233455  
-0.0004779807312  
0.006150417332  
0.005873247124  
-0.002392968775  
0.01141184343  
0.0002121598764  
0.00411213738  
0.004602319777  
0.001018874793  
-0.002151924324  
-0.004872319387  
-0.003778879339  
-0.006683916734  
0.001814146848  
0.008142012243  
0.007307955877  
0.006135055236  
0.00817591494  
0.0007355118077  
0.008638244503  
0.003084236335  
0.001606262222  
0.001977608826  
0.003728934666  
0.00735792696  
-0.0113974863  
-0.0003132637933  
0.004768540826  
0.004280113805  
-0.009114569116  
0.0002563204714  
0.002941500361  
-0.0148814494  
0.001445140973  
0.002234202501  
-0.0090495535  
-0.0007049643927  
0.01001099658  
-0.01214997138  
-0.001148018842  
-0.002546189801  
0.005148594216  
0.001481665398  
0.007547628059  
0.006277203413  
0.00706285787  
-0.00270023184  
-0.01000615974  
0.001608880361  
-0.005474156702  
-0.007488992917  
0.002163889999  
-0.002150906423  
0.0009272780088  
0.0033923599  
0.001361546927  
0.013374827  
-0.002982296523  
0.004848184294  
-0.0002706552512  
0.00629850403  
0.007155622273  
-0.003185549942  
0.005334172307  
-0.006369117681  
-0.01500618076  
0.01838484575  
-0.002128253097  
-0.003600488566  
0.009266157814  
0.007236633612  
0.0004268724695  
-0.01101855345  
0.008340095206  
0.0002993223895  
-0.002472727373  
-0.0132661931  
0.002762065496  
-0.001001682428  
-0.0002384069639  
-0.00385159312  
0.007817985826  
0.005340511619  
0.00500371962  
-0.001235310163  
0.009477383265  
-0.003654413749  
0.007694690312  
-0.005558306719  
-0.003699882828  
-0.005948979902  
-0.001150790796  
0.007244712455  
-0.002875875142  
-0.01223759608  
-0.00392845924  
-0.006884097496  
0.001930370333  
-0.013174085  
-0.002396951778  
0.005309043085  
0.001312048712  
-0.007664587945  
0.008640189041  
-0.003147725267  
0.01302758469  
0.001066340142  
-0.0008679516112  
0.006487741904  
0.001193988979  
-0.004816945715  
0.00133274399  
0.0006900785783  
-0.01398322185  
-0.01554490485  
0.01402393828  
-0.0002398548439  
0.003922378886  
-0.000816832746  
0.006647307509  
0.01268876699  
0.004875953191  
0.001375776824  
0.01205581987  
-0.008190808134  
-6.470811365e-05  
-0.002758816067  
-0.005222243668  
-0.008772604079  
-0.003948650751  
0.009648203645  
0.002709291208  
-0.003937536511  
0.002517614345  
-0.003840721835  
-0.001366983183  
-0.007300571818  
-0.006571440165  
-0.002561033897  
-0.0005449549375  
-0.006803548943  
0.009744411398  
0.001377992461  
-0.00423575079  
-0.01420499505  
-0.003931691942  
-0.01688383423  
0.001692594275  
0.004029568454  
-0.00693276942  
-0.006002395863  
0.003462895845  
0.001739580102  
0.01822511367  
-0.01069643893  
-0.02057565106  
0.004109192563  
0.0218390568  
-0.00536814303  
1.974238662e-05  
-0.002419958933  
-0.009572015937  
0.007603461712  
-0.0005295409541  
0.006389823352  
0.01686066609  
0.01090568113  
-0.000141588466  
-0.00359689832  
-0.01019712865  
0.009427045277  
0.001385686835  
0.01259996321  
0.0005128252786  
-0.001641135062  
-0.007584257142  
-0.009624041103  
0.008594329837  
0.005487314038  
-0.006275511444  
0.007948157022  
-0.0006133780771  
0.00996085886  
-0.005527259896  
-0.01581754992  
-0.0222855099  
-0.01701362503  
-0.002719342074  
-0.004639936181  
-0.001199256103  
-0.002287002596  
0.004354004345  
0.001003048157  
-0.01241368385  
-0.002324305734  
-0.005076799452  
-0.0004280388677  
-0.01344504709  
-0.00376232473  
0.009453302637  
0.006906846056  
-0.01448937138  
-0.006404466247  
-0.02199103729  
-0.001892330479  
0.007050985608  
-0.01449942277  
0.003866311139  
-0.001369183011  
0.002363358618  
0.008670703171  
-0.0009448819561  
0.01410433958  
0.001262284945  
-0.00585190283  
-0.002003502311  
-0.003500551835  
0.01292857189  
0.00374758507  
0.003890221222  
-0.005009268672  
-0.007826070581  
-0.01205881315  
-0.0006982857941  
0.009772584971  
0.004776621768  
0.006778800945  
0.007660038752  
-0.01662516083  
0.001877068717  
0.003170417833  
0.009680053324  
0.007559336914  
0.01018083664  
0.007061995581  
0.003952639276  
-0.001843542581  
0.01011572444  
-0.001231297832  
0.01024100941  
-0.001612396999  
-0.01426002578  
-0.009101280328  
0.009166418118  
0.00525838308  
0.01446565003  
-0.01153707354  
-0.002877604801  
0.01014289931  
0.004097457318  
-0.01006147653  
0.006461141781  
-0.008967731988  
0.003926951987  
0.01030967187  
0.01805308495  
-0.01281180033  
0.01123046964  
0.02128013004  
-0.007101377789  
-0.01919512213  
0.01632631574  
0.01615217325  
-0.005194718265  
-0.002506300035  
0.005024804853  
0.003806862125  
0.004540975219  
0.01919586203  
-0.01512706934  
-0.003173546767  
-0.003613357533  
-0.009651651861  
-0.004332535524  
0.00712080879  
0.00409922161  
-0.0230227838  
0.002823013604  
-0.004919549751  
0.006872520804  
-0.01141235793  
-0.006174085871  
-0.008891357703  
0.01299650744  
0.01876197299  
0.002091474608  
-0.008243618359  
0.001811286049  
-0.008616514181  
-0.01077100628  
-0.0008893375823  
-0.01557171846  
-0.0001391523525  
-0.008846777643  
-0.006568917793  
-0.001690579656  
0.0004433072119  
-0.01598952445  
0.0151182451  
0.002255651424  
0.003772426438  
0.01171646764  
-0.01530234924  
-0.002435069199  
-0.005582777143  
0.01752023482  
-0.0005394630556  
-0.001632727682  
-0.008486691772  
-0.000763418191  
0.01164612839  
0.01815834478  
-0.01389559246  
0.008416087286  
0.02990408357  
-0.02326713402  
-0.01137256049  
-0.006665033505  
0.01206289885  
0.007423135534  
-0.001232476253  
0.00397093784  
0.01299963019  
0.00540839445  
0.007903977937  
-0.000456991397  
-0.004571775606  
-0.003474320144  
0.02205739903  
-0.00100075497  
0.02495398836  
-0.01728299494  
-0.00250063737  
-0.0005248822146  
-0.0213407733  
-0.009081030206  
-0.001539274221  
0.0006490393205  
0.008039529123  
0.01815496942  
0.009402626858  
0.004890626533  
-0.006041014734  
0.004271228897  
-0.009635219252  
0.006925568535  
0.01445289082  
-0.00611454688  
-0.00221578686  
0.01165947746  
0.003862546791  
-0.0008169904019  
-0.01096844558  
-0.02170962618  
0.01463133956  
-0.002852338842  
0.009680061663  
-0.006733196305  
-0.0008111877073  
-0.01999661053  
0.01482765495  
-0.02186046918  
0.006806326813  
0.01469688199  
-0.001830043753  
-0.007854008358  
0.01395107308  
-0.02553714167  
-0.005943730206  
0.008482480765  
-0.02334649144  
0.02350721948  
-0.003665360939  
-0.02073272655  
0.002411032102  
0.03176797536  
-0.01295040271  
0.02254815452  
0.02623853394  
-0.01252724595  
0.00942100727  
-0.03072758559  
-0.0006028302877  
0.02768014619  
4.268253917e-05  
0.0100875993  
0.008013534375  
-0.03493731981  
-0.01509659392  
-0.01824051899  
-0.0274750634  
-0.02429418927  
0.01616550575  
-0.005371668854  
-0.01167870451  
0.007686124799  
-0.004929535712  
0.0157723641  
0.06357315213  
0.01703131012  
-0.008951323399  
-0.02884394796  
-0.0284943041  
-0.01600091746  
0.005465372382  
0.004452920258  
-0.05474905335  
0.01114974395  
0.01506224953  
0.008656133368  
0.01145945396  
0.002544403885  
-0.003726140389  
-0.004507687004  
-0.01830553902  
-0.02344303992  
-0.04746772162  
-0.01661448894  
-0.006482353846  
0.006980622041  
-0.06581345032  
-0.02771444525  
-0.01598655284  
-0.04681734915  
-0.1526841482  
0.006663850817  
-0.00585930452  
0.08495677889  
-0.03773103115  
0.07120009507  
-0.01525756118  
-0.005053736711  
-0.07162603491  
0.03565457796  
0.1913171714  
0.1673275486  
0.008689119008  
1.625247448  
-3.234483242  
-1.005559352  
0.4612874535  
0.06251855165  
-3.408456907  
4.882164466  
-1.108047141  
-3.015344543  
3.32732145  
5.86737567  
2.861282066  
6.189215209  
2.53555058  
4.630907217  
-6.344694164  
2.118009355  
0.2493920893  
1.58399409  
6.120645065  
-1.24115788  
-8.253833669  
-1.101944881  
0.2878445763  
5.139465046  
-0.9365733593  
-6.708625169  
-1.401471074  
0.8210202162  
1.168077144  
-1.509880993  
-0.1431050346  
0.6931896675  
-2.891238744  
8.675456207  
