-3.996160989e-14  
4.380905034e-08  
-6.394031836e-09  
0.001118492597  
-0.002413033433  
0.0018629111  
-0.0001364898029  
0.004317255029  
0.01217421049  
-0.001799449734  
0.003441259445  
-0.004258632212  
5.91184138e-06  
-0.0001221242604  
0.0004404605505  
-0.007270996698  
0.004139784019  
-0.002736467334  
-0.006106311181  
0.004412977209  
0.009710069123  
0.00944639134  
0.001313314631  
0.002095913798  
0.001670490327  
0.01072804297  
0.007284805544  
-0.01118226281  
0.0007463767786  
-0.006235242134  
0.005973627041  
-0.002721622035  
0.008435102099  
0.0001394625433  
0.002535625889  
0.01206695736  
0.00524555179  
0.002804779491  
-0.003854172158  
0.002459120044  
-0.001761959238  
0.008150350117  
0.006239635352  
0.01037916544  
5.496732367e-05  
0.001004002099  
0.00582523545  
-0.004524700149  
-0.002317038114  
0.003812782624  
0.004981091832  
0.008349904097  
0.005402230315  
0.0102682473  
-0.00492380991  
0.000938719541  
0.0001686253111  
-0.00158417992  
0.007363407112  
-0.0001128849421  
-0.003588218037  
-0.002191268518  
-0.003008733074  
-0.004097403715  
-0.000649638604  
-0.001772344203  
0.01213865951  
-0.0004801456805  
0.004051361527  
-0.004709864997  
-0.003464163946  
0.006486237668  
-0.003000342122  
0.002724923356  
-0.002949550575  
0.005194063238  
0.001134263687  
-0.01281274306  
-0.007098091578  
0.00979820713  
0.003591304868  
-0.004785489505  
-0.01077685537  
-0.00324413241  
-0.006501814747  
-0.006406670139  
-0.009656945916  
-0.001041064588  
-0.003624739007  
0.005653633014  
0.01309135262  
-0.006882283019  
-0.001558767546  
0.004046089139  
-0.00313298444  
-0.001909104477  
-0.007539179499  
0.01314460055  
0.001179994735  
-0.00617860824  
0.00601933083  
-0.007832610217  
0.01161070023  
0.008453547051  
-0.001918716534  
0.007058098611  
0.0004668447726  
1.543261987e-05  
-0.009608453549  
0.01736289573  
0.01647411451  
0.001162039598  
0.001963747172  
0.0005807733623  
-0.0006785437822  
-0.002487323676  
-0.004877190323  
-0.0002147891494  
-0.002043866322  
-0.003729785334  
0.002270580251  
0.003849381471  
-0.003184877437  
-0.001365256613  
-0.000482527157  
0.00967994765  
-0.005230552369  
-0.005163338956  
-0.005180749421  
-0.005809547657  
0.01056397239  
-0.003770629251  
-0.01035815814  
0.00245391313  
-0.004695118933  
0.00151413137  
-0.001133183298  
0.007258442403  
0.00884688579  
0.0060937151  
-0.003173654475  
-0.006025997213  
-0.003482243892  
-0.003597692743  
0.01127776353  
-0.003315242855  
-0.01151098607  
-0.0004943333229  
0.00194328814  
-0.006434849447  
0.01002762859  
-0.001163648592  
-0.01432756347  
-0.007100960878  
0.004826248462  
-0.01122114136  
-0.004794012013  
0.005174644662  
0.009084795431  
0.007416977884  
0.009705916344  
0.008103224377  
-0.0008214993504  
0.006876849931  
-0.002191487047  
0.005947234132  
0.0005774787206  
0.001614207264  
0.00364215945  
-0.006757760257  
0.001827708802  
0.0007163239424  
-0.0001735318245  
-0.005139023058  
0.008769898663  
0.0070717759  
-0.003578181598  
-0.0001335539836  
-0.01551588828  
0.001568926554  
0.002846171695  
0.00139906723  
-0.000291079085  
0.001540408767  
0.003790338457  
0.002590645356  
0.0008008793486  
0.003298623989  
-0.01182329524  
0.007710590979  
-0.005664712567  
0.02284495876  
0.007896582919  
0.00108249159  
-0.0008133460688  
-0.003291534905  
0.01124481184  
0.00499719795  
-0.0009494654377  
-0.002889846161  
-0.001692728618  
-0.0134025151  
-0.003450729992  
0.01081747144  
-0.001817371033  
-0.007083451941  
0.003371645202  
0.0004211204386  
-0.007150073197  
0.003455461159  
0.01904081397  
-0.003735348558  
0.0006179470374  
-0.00540345841  
-0.004567678973  
0.002712055846  
0.004992836967  
-0.007594008151  
-0.009293643912  
0.01357501839  
-0.008965181156  
0.01915338407  
0.009477041727  
-0.008709269122  
-0.0154144692  
-0.008008807668  
0.006024148116  
0.004253279032  
0.01361490531  
-0.0006804103121  
0.0009081300241  
-0.001993494437  
-0.008186426322  
0.000967476922  
0.003748757682  
0.01901775852  
0.01883596992  
0.001127976086  
-0.00185337025  
0.009692183776  
0.02123114948  
0.008864172268  
0.004990790112  
0.001866993343  
0.003346684666  
0.003116262568  
0.0004660404913  
0.0008291658794  
0.008546967197  
0.009562999307  
-0.004601916484  
0.01324080394  
0.005829596447  
0.003873728296  
-0.0009980976332  
-0.01598899136  
-0.009555978551  
4.010400976e-05  
0.01021163267  
-0.0008724276937  
-0.005794496584  
-0.004075735557  
0.01529067082  
0.005843394999  
0.007300774333  
0.002054777288  
0.001645932619  
-0.003418325678  
0.003870442938  
0.008552481111  
-0.01312066173  
-0.009282664402  
-0.004457239351  
-0.004121025149  
0.01127899391  
-0.005655702618  
0.004900104892  
0.006874645328  
-0.006099414646  
-0.008451896105  
-0.001703327864  
-0.003655912075  
0.003047018637  
0.001395456047  
0.0008455175539  
-0.003658613069  
0.01080675446  
0.0001144009283  
0.00541307599  
0.001842488189  
-0.00918433916  
-0.01619876117  
0.0152213221  
0.02032430926  
0.002020100345  
0.01794608011  
0.004290564736  
0.00546380162  
-0.01601596199  
-0.005523656802  
-0.003924046959  
0.02100758604  
-0.003895402693  
-0.001590836083  
-0.006284279995  
0.0004385461646  
0.01984185582  
0.002107101795  
-0.005513413027  
-0.004153876174  
0.00714802668  
-0.01128284277  
0.004003703911  
-0.00349075953  
0.005557706682  
-0.007842951157  
-0.002922924858  
0.02794944427  
0.01206177969  
0.01542149954  
-0.01624140742  
0.001541967773  
0.011423595  
0.01195754647  
0.01499279087  
-0.002457927095  
-0.01261284966  
0.008289609137  
0.011821663  
0.006891343428  
-0.000330573063  
-0.01029913907  
-0.002811161185  
-0.02976084789  
-0.007957197825  
0.001355228403  
0.008857225734  
-0.0001017464654  
0.01463628457  
0.02193430364  
-0.000975526662  
0.005859725225  
0.002926141181  
-0.003819682802  
0.008831198185  
0.02954195881  
0.00714398783  
0.01544194568  
-0.002135782882  
0.02299795616  
0.0018998903  
-0.004029382997  
0.0001088367463  
0.0004886617863  
0.009244700115  
0.02502048922  
-0.001701108099  
0.003957730965  
0.009320918812  
-0.01708072038  
0.01497271624  
0.006893577828  
0.0333752682  
0.01737298154  
0.00331815854  
-0.0204676468  
0.002583971145  
-0.02869221233  
0.002157958102  
-0.005748832726  
-0.009570867276  
-0.0124489713  
0.003887291487  
-0.01198138819  
0.009689584692  
0.03229422602  
0.001229904825  
-0.001767644124  
-0.002139256557  
-0.02416493111  
0.01252774518  
-0.007807508205  
-0.01381095013  
0.006633593198  
0.01410397638  
-0.005664389121  
-0.01122473306  
0.01643464511  
0.01051201345  
-0.01636099613  
0.006539252938  
0.003645464836  
-0.02428571683  
-0.02028899852  
-0.001890637118  
-0.01644194038  
0.004924273805  
0.01948496985  
-0.03022675465  
0.01633587642  
-0.006056917516  
0.01706121633  
0.004604332613  
0.008472224258  
0.02684032604  
0.02700843052  
-0.01635934168  
0.02392398599  
0.02499130327  
-0.01440744484  
-0.02794594768  
0.002204507337  
0.04259695694  
-0.00476081822  
0.01996137568  
0.01610874368  
-0.003130486514  
-0.003635722959  
0.02151595079  
-0.06463574215  
-0.006200275244  
-0.003390278288  
-0.03011829662  
0.02810983189  
-0.07592308113  
-0.003662496932  
-0.01070772812  
0.002513097761  
0.009845563943  
0.03170653198  
-0.06919093794  
0.003423444697  
-0.007160295769  
-0.02416139586  
-0.01437310566  
0.02226976002  
-0.06231135128  
-0.04932418758  
-0.02256231175  
0.01948416049  
-0.001991282562  
0.05661007758  
-0.02283705404  
-0.05737044884  
0.04698823206  
-0.008404960408  
0.02930771651  
-0.09496171262  
0.1288925637  
0.05007123196  
0.007927732516  
0.1187070459  
0.03897380083  
-0.02177946564  
0.02990013234  
0.1686981318  
0.01967285083  
-0.1420368185  
0.04139943918  
-0.1546914657  
-0.1270302999  
0.04763823414  
0.3571255062  
0.6648688992  
-4.322490645  
0.5250377796  
0.4067668822  
1.564618954  
-3.518720708  
0.2030093237  
0.5912811805  
1.112397549  
-3.405406537  
2.971162449  
7.582137735  
-3.937159505  
0.5543480449  
4.131681586  
5.555329858  
6.370039291  
-3.068995462  
1.64703965  
-4.073111768  
-2.12203217  
-0.02273914687  
5.169251531  
5.925839214  
-0.6049407498  
-5.868705451  
3.203019077  
-4.276640113  
6.170356551  
-6.198710587  
1.126160577  
3.57389343  
-4.306375376  
-0.7628188228  
-3.183911276  
-1.159222022  
