-6.564652393e-14  
1.634630269e-08  
-6.696249707e-09  
-0.0004623504716  
0.001504357073  
0.0005996793588  
0.0006254991738  
-0.0009305942325  
-0.002993294293  
-0.003512918488  
-0.0009868437563  
-0.001276603943  
0.00395747857  
-0.003045490007  
-0.001349159309  
0.001544945401  
0.006562230228  
-0.002259761274  
-0.002876983831  
-0.00158216421  
-0.00446102863  
0.00200395177  
-0.009100229291  
0.0007476912986  
-0.001170564987  
0.002251835845  
-0.005339594209  
-0.00139889293  
-0.004360158163  
0.002557052473  
0.002915468407  
-0.007561375861  
0.002247003546  
0.0009349205727  
0.000831017278  
-0.006529946031  
0.0006921398001  
-0.001218046998  
0.001978205359  
-0.001902101198  
-0.004625413302  
0.0005640130697  
0.002471499015  
-0.002984243684  
0.005204288116  
-0.006569463674  
0.001917686255  
0.0004188800788  
0.001563564572  
0.002603082817  
0.0059602976  
0.001730753222  
-0.001157941468  
0.003838185342  
0.001713239322  
0.002339392365  
-0.0006367460837  
-0.004365922786  
-0.003745110211  
0.001034751126  
-0.003166217858  
-0.005919298617  
-0.0007600925297  
0.002216441723  
-0.004959077348  
0.00111996384  
0.002289156007  
-0.004682816859  
0.003853683173  
-0.005923884981  
0.005284624549  
0.0007611335874  
0.006406843102  
-0.002602242608  
-0.004435643002  
-0.0063874379  
-0.002583409501  
0.004273384123  
0.004618760687  
0.003191733329  
-0.004076108166  
0.001108794568  
0.005718736265  
-0.0001389543543  
0.006539440879  
-0.004259655746  
-0.003673041054  
-0.007231176331  
0.00952883756  
-0.003450379879  
-0.002447478967  
-0.005342907851  
-0.00771888109  
0.001086195508  
-0.000883355067  
-0.001735485561  
0.001496813135  
0.005852334865  
0.001538237988  
-0.002378191696  
0.001776931836  
0.002613289983  
-0.000937943227  
0.0007493662322  
0.009858494691  
-0.001449571506  
0.002420136564  
-0.002880867435  
0.002671021768  
0.0008535973977  
0.003668528392  
0.00501553456  
0.006658696464  
-0.001615276588  
-0.00267079411  
0.0002535684079  
-0.007321600041  
0.0002887224059  
-0.00822733782  
0.001271582229  
0.002166547494  
-0.008294401168  
0.002553703474  
-0.001005474849  
0.001907340614  
0.0005139805717  
0.0031401748  
-0.001016915934  
0.0002139403528  
-0.0007839392455  
0.00671380957  
-0.003561589315  
-0.0003641663952  
0.001100064584  
-0.00379302379  
0.001054657592  
-0.009094713578  
-0.004477276632  
0.002359894182  
0.001577429366  
-0.005830866443  
-0.003519444501  
-0.0009433403263  
0.009047985979  
0.0003934559808  
-0.003991957028  
0.0001864059696  
0.001142260077  
0.002231216719  
0.001743594645  
0.006729781782  
-0.0002624287534  
0.002861189373  
0.00244849047  
0.001825144366  
-0.004786921538  
0.001102253056  
-0.01032401631  
-0.007259913885  
0.004155942878  
0.0008659323782  
-0.002833522999  
0.001271880178  
-0.0007172450779  
0.006016443218  
0.0009018024538  
-0.003608149619  
0.002867803362  
-0.003212087037  
0.0009100497191  
-0.003851175723  
0.002664136427  
-0.006005863892  
-0.007539111472  
0.001651335229  
0.002669124889  
0.0009052234026  
0.003088682703  
-0.001438489566  
-0.0002175968566  
-0.008390976473  
0.0006898540139  
-0.002722145018  
0.0006118489012  
0.003601339643  
-0.01068492032  
-0.00464421425  
0.003375822308  
-0.005909522759  
0.009328469994  
0.0004452929796  
-0.004261892373  
-0.001592429648  
-0.002832006033  
0.005032066376  
-0.003890065633  
-0.003008405956  
-0.00903923027  
0.003480151497  
0.004493134324  
0.001364449943  
0.0009635640963  
-0.007452389468  
-0.004869722025  
-0.009678953237  
0.00159369397  
0.004405944323  
-0.005592176357  
-0.005200232286  
-0.0001000854781  
0.00548949733  
0.008341175547  
-0.001124454766  
0.003194688499  
-0.003661427939  
-0.009388749883  
0.002005026946  
-0.002547516494  
0.0007229370203  
0.001011029474  
0.00174762891  
0.002203134507  
0.005090651376  
0.004265739913  
-0.003093556285  
-0.005048360467  
0.002857495153  
-0.01240167804  
-0.008243567001  
-0.003173019762  
0.001595239735  
-0.006430539567  
-0.000910083275  
-0.00135828461  
0.001113740138  
-0.002941583523  
-0.005338548358  
-0.009165424555  
0.007649456284  
-0.001192930655  
-0.003442241932  
0.008938965937  
0.0002764010395  
0.004292839399  
0.002719468297  
0.004545277072  
-0.003365990588  
0.00950986323  
0.002611423404  
0.00753775698  
-0.004816164844  
0.001527989613  
0.007180444588  
0.005648352216  
0.005958376268  
-0.001080185977  
-0.009898004468  
0.001393876563  
-0.007016029468  
-0.009052200672  
0.00488446039  
-0.002666004873  
-0.001408496965  
-0.005956381127  
-0.009714704709  
-0.0007230768155  
-0.0005410417279  
0.002777377715  
-0.006149206605  
0.001434284593  
0.008260772892  
0.0007503263566  
-0.006182960674  
-0.001186569364  
0.007056184668  
0.003706015381  
0.0003597266477  
-0.003386660536  
-0.004673234983  
0.001141126227  
-0.004325453602  
-0.007556411629  
0.004822061763  
-0.002354776104  
-0.004517310809  
0.0006575833454  
0.0004053015226  
0.008061290465  
0.01694787051  
0.007367706803  
-0.004708346697  
0.004696698673  
-0.001418944071  
0.001863793729  
-0.001326225058  
-0.002872851739  
0.002833280844  
0.006240465542  
0.004614141175  
0.002684359189  
-0.007967220119  
0.001959628389  
0.00905759181  
0.01155341726  
0.001807418102  
-0.0009048741661  
-0.004261613107  
0.003899715629  
-0.007410042974  
-0.01182232789  
-0.007123130005  
0.01296893667  
0.0005500980369  
-0.002552221208  
0.001115169701  
-0.001892485421  
0.0005918742545  
-0.001519120154  
-0.006631343373  
-0.02231319178  
0.000128231785  
0.005768527107  
-0.005087743424  
0.007342629042  
0.003653052349  
-0.004875677757  
0.008485068152  
-0.003895402415  
-0.004151993723  
0.005302733347  
0.005293069607  
-0.01588400274  
0.007510578529  
0.001005622614  
0.0004352724025  
-0.001073847451  
-0.0007088008824  
0.01655699028  
0.01072303743  
0.001003135293  
0.009193203345  
-0.00217009035  
0.006950318517  
0.003840948481  
0.01689036817  
-0.006492055394  
0.01104717354  
0.007556830281  
-0.01244541564  
-0.004297795263  
-0.0116445561  
0.003142330325  
0.0162105966  
-0.003607847484  
-0.001924037652  
-0.003364543966  
0.003606229306  
-0.006259068431  
-0.00753784963  
0.004407565667  
0.002853402429  
-0.004602303891  
-0.002358659083  
-0.003159939411  
0.009662624363  
0.002306055922  
0.0007323735152  
-0.004647249206  
0.006238943029  
-0.009357535687  
-0.003274854505  
0.008739388048  
-0.003540015297  
-0.0008398284661  
-0.00710422742  
0.01681831714  
-0.002152769425  
-0.002089458132  
-0.0001508698798  
0.001578354442  
0.002532724988  
0.0001104822829  
-0.004849890029  
0.01599166234  
0.006644607967  
-0.01486288471  
-0.004330005955  
0.001557422035  
0.0162579927  
-0.0140259855  
0.02217454692  
0.002926047045  
0.007765446678  
-0.007474542149  
-0.001547446327  
-0.002012449734  
-0.007763045414  
-0.006628858226  
-0.02243290332  
-0.003706560537  
-0.005758012069  
-0.008127837237  
-0.007775852083  
-0.0250714996  
0.007450022733  
0.03169125712  
0.02749472867  
-0.007681254911  
0.01070010167  
0.008824586488  
-0.003604440654  
0.0003181211145  
0.001389828352  
0.01520240673  
-0.007334572948  
-0.02485045986  
0.008494357422  
0.007318325141  
-0.001329788699  
0.01634109962  
-0.009653572854  
-0.007922626242  
0.02018502933  
-0.01156871365  
0.009875265626  
0.02180409047  
-0.009397814799  
0.00168458688  
0.0003573650104  
-0.007022478764  
-0.00325301505  
0.02793458522  
0.002476547341  
0.004275886992  
-0.007701986502  
-0.008585856745  
0.02029495671  
-0.005266375489  
0.02071068417  
-0.02077431804  
-0.008395854863  
-0.01031100356  
-0.02931169126  
-0.009488081625  
0.02512816683  
0.0246826458  
-0.0247695699  
-0.04671851004  
-0.01989401178  
0.0154408897  
-0.01793345866  
-0.05252939692  
-0.007555114201  
-0.05478677449  
0.02751233623  
0.02994178338  
-0.0664891597  
-0.01109854303  
-0.01169500811  
0.02658278606  
0.09986118586  
0.0825905345  
0.05011695224  
0.06797438959  
-0.2033209754  
-1.842861272  
0.8211573724  
0.5513486316  
-2.447564383  
0.4757912153  
-3.28328299  
0.8599994334  
1.006704179  
3.333570293  
-0.204115785  
0.7382777414  
-0.8212280546  
-1.077221048  
0.7352159435  
1.211080107  
-3.150605512  
-0.8269345588  
1.348918675  
2.878535463  
1.56651009  
-1.421249944  
-1.417566873  
0.7120755372  
3.879721009  
1.194789954  
-1.153534877  
-2.765638371  
0.4229083535  
1.877224804  
2.947368648  
5.611233507  
2.879575263  
-1.021247017  
-18.78587449  
