75.11382554  104.8299624  19.73211059  155.2412447  13.08913343  0.9751809681  9.104921601  41.01292903  41.56329133  26.9499849  29.54969311  55.93460539  81.24314703  105.2177578  109.3371766  37.61768817  30.70961889  58.33166658  6.596307786  55.61649502  98.76533038  9.686159048  89.59039864  18.46609406  15.52202163  96.35463513  41.20171732  91.14661307  35.11834596  250.3708837  18.79688416  177.2628036  36.49000394  69.43709043  12.68368492  
70.14486699  76.02522923  4.901319184  12.84854454  71.09476587  16.57118477  0.5351908505  73.67281967  79.53448803  29.63167956  20.55324703  66.53492345  186.3772082  76.25836011  203.9065356  8.441299103  6.695990527  18.64483186  12.41506266  47.9217141  172.2820148  28.47069586  152.817715  4.33636553  41.8055482  186.812798  15.24493549  119.2174727  71.7412872  13.66329379  35.71733768  21.5934673  109.4483438  34.22931472  57.369721  
79.07940204  32.16455235  15.98157934  40.32570968  37.7779093  36.85534676  34.92723753  40.23942874  70.84877921  44.30644912  43.90185366  86.36562956  166.8292289  66.70952545  259.8177544  3.706175633  9.231718422  41.75587568  22.67267163  0.130994229  80.88943273  99.09037328  61.67963123  14.08306092  101.3027439  78.22946  36.48853764  71.60375173  114.6977871  41.36700424  22.52831483  95.75984711  40.89575039  137.9396191  57.44140236  
103.0997566  45.67127135  45.8531827  78.10649463  55.53940458  42.61114991  110.358761  94.68528487  22.10623579  26.58438498  133.3689445  109.704972  62.7452151  51.99734121  92.01529356  3.948616625  16.27076531  87.95909792  47.07566397  33.08260991  12.88904664  104.1811698  2.879574425  8.89792422  25.94201413  1.811822294  56.45157863  33.24053593  91.15090494  54.16634358  32.82362454  73.53670915  126.3255048  37.34066496  2.307270604  
166.2179557  65.30160452  33.08788293  82.71440067  32.64433251  50.54690227  51.93622015  70.72134334  12.1612723  54.38869236  66.45311235  77.27122705  36.48446425  45.36400564  8.298995623  9.27103881  26.5816677  125.5536663  63.71332112  37.25243967  18.0931539  82.71871488  68.03946387  32.83174286  76.84683874  3.513704589  126.9469865  63.52796002  3.557654186  51.03373075  21.42158587  121.1554075  2.443098347  141.8667849  38.79277642  
175.9324306  60.60497594  71.16688942  23.83336755  40.62066388  21.56956249  37.51900637  14.90556934  72.98637547  19.93238714  110.6509202  7.887025499  39.15886798  78.8688656  22.27840916  14.52214918  44.88258348  127.7533058  40.3570358  4.972757414  37.97668692  80.74106021  64.92563407  42.95253762  30.39908053  101.7850263  175.3937823  136.5210048  108.3916184  55.09729607  6.982129628  52.8411043  5.654766905  30.43200989  1.924190615  
152.9025564  60.84901835  12.9343388  8.851579155  15.81808358  29.31298121  105.88788  3.155317934  115.4366557  43.92355735  91.13576024  21.00580137  48.04356859  72.74457783  39.03560965  58.70633227  56.31897462  29.03078037  68.10184428  0.388452004  87.68975397  98.98011022  13.19354406  17.0139973  63.06132882  188.9386699  64.06991572  41.84118032  230.4071018  55.06563736  8.451297964  5.96550244  58.6636308  25.99853486  23.12055521  
114.931462  29.72182497  37.92795761  20.50004223  33.87637921  21.13606522  187.9150645  14.24804218  80.12859042  26.49578344  50.11895212  53.8455135  33.56069508  88.01458569  38.2398639  49.41083895  58.15420575  71.06315826  96.69551195  12.88798639  135.6512766  41.5937275  10.28487687  13.84054789  141.4060708  111.3140214  4.101990322  19.61184704  231.6743977  43.74824517  23.05236121  22.69808278  55.23687487  39.26011338  4.582295398  
59.29241695  6.968740702  37.13380444  35.70343104  25.00243525  73.25990326  162.3159155  54.61918279  27.84447053  28.64447649  28.639321  33.89569244  28.17000147  141.3446844  2.079211598  36.29202517  61.51584211  148.1770779  97.38689359  70.74245118  112.9814291  43.22387252  27.1128255  55.07468504  28.70879644  116.4794861  35.60476095  66.39349416  229.4440707  29.55496575  18.29893564  7.077032925  160.5847002  75.33863911  48.97356522  
37.38433712  7.858828717  112.5995646  45.49217439  36.23125351  63.83603039  69.33723076  35.54146865  9.856290131  46.04218825  95.76072868  41.33876077  60.59975521  102.872135  130.6871356  54.93752157  17.78956632  51.29066246  80.22222944  83.36136768  136.1266744  141.5964279  39.57104092  67.7831019  6.494728232  92.64948813  80.50659588  31.16141169  108.6798723  26.16565818  3.849597514  27.76673275  125.3477092  4.680228165  31.98581477  
41.41797089  17.43341776  60.24181843  31.08291496  18.36420665  110.5544924  25.47897562  2.938386354  24.1063605  59.8625228  242.9633785  53.83943649  143.9433417  86.72388002  136.7784079  11.42403058  1.925892522  15.47253723  61.63211776  101.4674627  193.3264351  41.68420685  2.843745563  18.33666007  18.26249305  40.08715567  30.35736378  116.6675698  2.918291834  9.082179689  1.187968871  207.471584  97.79625421  76.77338337  5.9339117  
17.08892127  24.35001072  205.3802292  3.067137092  4.453582226  24.68945413  52.14573937  2.564347134  25.86467557  35.58953897  170.8063582  30.61033428  130.9659694  89.56804463  20.90744662  21.57389796  80.89168185  37.82414164  45.12182423  117.5581914  79.88043931  52.89595149  49.89067572  151.012618  38.67833631  3.546586016  26.05779171  206.6262442  24.66969505  22.07456555  12.44920773  252.5563622  47.34006832  18.96863813  11.59052771  
14.85833108  78.31364842  74.39621813  7.400506596  3.013169235  101.8726388  63.00471796  42.76162792  20.99002568  14.08619215  121.4326804  28.67164314  41.6703174  144.4143237  2.503176728  71.91991344  233.5271868  25.53885807  22.19929953  29.89778331  9.765098354  177.9690104  76.42058812  91.79068365  90.25081207  22.00697764  91.97838701  104.0140558  25.30983703  47.25622156  65.1765119  54.41473441  60.89661017  19.92304345  77.54462553  
39.19331956  88.5906364  145.3665683  2.081925349  20.68551546  31.20091507  109.0042156  103.2142456  23.72144493  8.930797789  138.4803434  44.80575913  8.266252691  77.06274875  33.74023113  31.49584417  171.3312184  37.02226473  30.23943387  88.5199033  47.9307846  72.25421134  11.26216339  21.21990665  77.94273737  6.949262981  89.69521352  39.82696892  1.747469738  16.60460154  84.91631891  43.51008337  19.81537309  83.6902084  267.0278437  
60.85015051  111.6436931  36.92563915  13.98267857  8.715331286  68.55519412  175.6706886  166.4062497  5.025613028  32.13892417  101.0164826  71.92015985  21.96610673  39.1042255  72.26747132  19.69082269  50.7113975  77.63925298  54.50552695  75.86421259  32.32183953  4.968940374  34.19059917  177.0531396  7.101921435  23.88367365  59.36765353  52.26622332  24.00428666  9.225063835  95.83697277  36.52147554  35.93374309  32.04271705  56.3391542  
60.95977259  69.08416438  85.60881553  13.29865708  62.09239559  73.09740538  63.21495953  178.2483144  14.11324021  29.52223404  32.01007662  76.1260665  79.59347935  25.08107084  52.25007914  38.471503  36.51345225  58.95188964  12.66204397  68.35668721  1.750609114  42.66304791  114.2952005  83.75720129  43.34426332  61.48324085  23.19536596  57.56758324  14.77472547  85.90638511  227.4911502  12.53507318  0.6964363627  98.29729965  48.9663593  
41.08241873  2.710324395  82.52324433  0.3884117328  32.55850455  162.765235  40.96210246  152.8342318  53.46256278  129.1054951  21.62782253  29.78022733  47.93077144  37.29924156  20.79123397  34.20209953  56.94374243  38.57358597  25.48548747  192.0561433  34.6721503  89.0853399  117.3293899  160.0809798  23.06504159  32.83050804  4.377560701  24.00111876  0.0601764172  102.811884  181.8958043  41.53887931  5.45278019  47.44127226  53.01429818  
33.15399023  18.11431138  174.0961514  29.00805012  65.05754678  158.1628187  37.26121975  135.9762011  30.50002777  73.35864706  30.81573007  4.258782658  29.26044911  74.81165951  34.96772331  26.73671721  27.14695334  25.8441648  16.59965338  113.0987986  69.74041075  91.46119452  58.90303746  211.1496061  47.7365279  5.121014493  13.01702466  1.164201056  17.85992376  106.483669  58.2669225  16.56903178  52.82295831  66.11030259  27.90061115  
14.90488717  82.8184162  138.6680211  110.9259164  19.69425117  186.5585189  22.95841792  137.2824873  26.97673348  51.98453283  17.20990707  66.73146087  3.981691994  49.05671185  82.34786084  3.975117521  14.76847777  1.068235026  24.68066664  26.05753015  20.07502276  39.08996992  25.77493164  102.3339495  120.2578237  6.603915861  81.86499495  14.44058465  73.04980099  188.729329  76.53734048  0.2586871276  57.76378099  2.648688868  70.4711353  
1.209723028  70.29889267  79.18224022  160.1763496  71.69784804  71.26329513  32.38801141  64.46509354  48.37271524  15.34582763  20.99907533  184.3254585  10.2417265  68.80625003  17.20034947  98.66024883  16.07781308  47.31461156  113.3349082  57.2330193  3.519219292  14.17593682  8.07247775  54.44930026  19.67331537  5.88146471  166.3703799  18.74653981  50.05640455  203.9906541  58.73277422  1.00628872  76.89468213  114.1170193  0.3329664758  
9.15342837  45.8374681  80.5542566  138.6068579  40.16254777  94.00948027  15.17285042  28.59674668  78.85812186  19.18993948  17.53223087  271.446651  26.80071872  7.202466226  9.313862684  268.0359214  19.27093518  88.97531347  51.35526583  41.05785944  31.6751428  58.20981079  57.19996674  15.73485705  49.42502077  1.461443845  94.91922769  6.4895068  15.11520482  114.2177638  91.58766157  30.14174204  22.79453836  1.484476715  46.76606014  
9.215907443  76.40639551  36.79941127  60.19640732  64.9250197  65.34740431  23.43177877  41.82420566  117.6857072  16.77703432  12.78571894  163.1820254  67.48539772  19.26949682  44.04379181  274.8806383  56.68724779  50.32068819  35.0807934  14.61921275  62.93772014  64.32903297  107.5885367  9.420468741  123.320477  16.10496257  0.2594992683  26.79808692  36.76188997  38.11545207  31.39179796  57.59230028  105.0531424  156.9375255  32.98649021  
0.7298364919  149.0638553  64.74496782  70.59415495  72.23399104  17.014832  66.80573288  48.91258282  108.6164802  60.87418832  4.123897787  59.88675743  25.60294375  48.03894137  32.35577872  134.5555268  23.68890534  35.51406697  110.7609065  96.86874971  98.83875815  5.679296303  82.02703784  1.342479335  34.44662538  72.92127845  66.039195  43.22882535  31.39311745  16.38617061  37.21374272  32.89539955  172.5201176  26.47328094  82.22960652  
19.27241611  208.1678504  26.54471655  34.36264624  219.4176761  21.95214975  56.06073668  39.81284729  47.31101194  115.805669  13.55681517  26.52763231  1.513034051  51.26303435  6.221352059  35.89148842  20.61063714  54.64724255  133.4189199  25.21816349  85.95837932  11.34426239  123.6153633  4.989067185  59.89558958  72.62798701  97.8588223  41.90059343  25.01242536  11.03714577  48.0696469  71.87735158  84.9627005  42.70410666  17.70489795  
57.92480807  119.6271511  16.67441156  6.956361352  156.9560564  25.54204816  40.85416594  13.49122108  79.92778805  206.7243018  55.66915811  4.926312634  4.733271669  2.036707634  79.74189035  106.1165091  37.12682499  82.77572543  227.0017738  47.63052394  27.82115343  22.93508007  141.137269  1.200089143  53.04212227  68.47617862  66.10817253  3.094040217  9.939286849  13.17797905  2.6146246  109.901067  5.94156952  5.619418329  117.5940084  
33.77793221  43.7554381  3.119917523  80.88879752  146.8853417  49.33750485  51.72002975  10.6193495  143.8033107  147.3279521  25.8504706  20.70160327  42.60166353  22.89296576  104.6388909  129.6193162  70.89968139  53.9733633  130.2996028  61.13608462  5.258257441  49.69403457  46.35174423  1.691060918  48.74504157  30.9984976  53.30252461  39.14513084  67.98862415  39.57759868  48.59701066  73.0656913  20.82099002  46.87556778  149.9785307  
32.23878855  7.049619819  15.30058897  131.7981115  179.0473275  59.6085301  60.11543416  17.44533635  101.2060092  179.4466528  12.04622816  25.31746724  126.8703031  10.58499384  15.88780092  87.44292043  107.4843071  28.65014007  52.26730709  65.31810315  11.06555805  39.63687699  43.48630732  47.37090354  46.99636234  15.8196819  2.333571405  112.2954335  46.5317968  55.87975905  57.07948398  55.89827269  43.47193279  93.52450287  5.33311086  
74.63730883  5.915274142  18.76039237  130.4565383  114.8414071  48.07693341  14.96392665  11.70076995  102.8526653  91.60565816  24.58993151  12.78132155  36.66777507  6.283686843  9.46599156  30.97173602  161.3956745  75.53474212  39.13999258  82.49306242  20.31981467  7.162446398  47.93469584  156.4206144  110.6595072  134.7587763  44.02778467  106.5505061  11.57529785  19.97733073  110.2033264  36.91319949  22.86227709  77.49373508  218.6889383  
99.89955521  20.50722988  3.274443597  161.5890021  47.97285845  13.685863  13.78220991  44.67353049  109.8850648  72.04215004  6.348423508  6.837960645  59.38586989  24.98849813  17.86385083  16.54880845  165.7632802  99.81567768  9.565156281  38.85962408  7.223169866  72.0116504  36.06769699  128.461125  164.1166071  112.2347513  75.97951406  50.98462177  36.28164725  5.203920487  171.9264165  2.3642572  45.02319618  73.32983324  157.2704302  
89.57104906  22.19063643  1.328391856  103.2651806  59.41607439  0.07002253693  10.55207209  107.305467  88.7418261  66.76442284  0.05199021814  8.327330119  175.2022975  53.65582444  82.43415391  42.70524147  118.8870626  91.33073022  19.52035741  100.6748939  5.412988695  105.3608223  51.04523148  54.84662503  63.56397176  56.95743398  34.20405579  0.02665422581  0.2097332073  36.2835933  174.0169522  2.726475451  83.49344891  118.6388815  26.36230255  
