-2.30541759e-15  3.492147877e-15  -3.048829171e-15  -3.209993698e-15  -2.165290316e-14  -2.06712514e-14  -2.318547752e-15  2.427523318e-14  -3.070389949e-14  -1.345418187e-14  -2.978706482e-14  2.253527354e-14  -1.593491611e-14  -2.436696989e-14  -4.658924756e-16  2.461050541e-14  2.159790018e-15  -3.376418412e-14  2.377716853e-14  5.960432435e-15  7.460073089e-15  3.154508678e-15  -3.728106801e-15  5.081922658e-15  -4.729605568e-15  1.624986045e-14  -1.336661848e-14  -1.66346727e-14  -4.903917588e-15  -1.607667541e-14  -3.368399772e-15  2.555378461e-15  3.880197464e-14  -1.632691954e-14  2.660095498e-14  
4.392140962e-09  -7.343129346e-09  9.528213949e-09  7.693366424e-09  4.474825204e-08  3.25600452e-08  4.757056396e-09  -5.049838617e-08  5.886382958e-08  2.296045572e-08  6.048364702e-08  -4.480151118e-08  3.214389664e-08  4.363620545e-08  -6.732174362e-09  -5.157779306e-08  -9.429145584e-09  7.057385332e-08  -4.835323694e-08  -1.331412949e-08  -1.6408705e-08  -1.051691392e-08  7.880293214e-09  -1.129293806e-08  8.857479778e-09  -2.794291962e-08  2.794204194e-08  3.450653276e-08  2.411968306e-09  2.512434478e-08  8.116694125e-09  1.909215739e-09  -6.878583258e-08  2.315003296e-08  -5.554411054e-08  
4.208976091e-09  -9.426094243e-09  -4.268730667e-08  4.624659833e-11  -3.949285001e-08  2.942006772e-08  -3.384799164e-09  5.059654846e-08  3.834198854e-09  5.677985904e-08  -2.62613011e-08  4.052732607e-08  -1.791578357e-08  5.479711997e-08  6.557044377e-09  1.101000857e-08  6.962316339e-08  -1.376090374e-08  -4.600485532e-09  2.486452424e-08  -6.385561289e-09  2.172984937e-08  -1.913528342e-08  2.391313857e-08  -1.910663123e-08  -1.1770426e-08  -2.050513695e-08  -5.121488248e-08  7.491659126e-08  6.407731495e-08  -2.097271389e-09  -2.474174095e-08  -3.102664943e-08  1.988145631e-08  -1.142961177e-08  
0.000218403846  -0.001409541406  0.003450676905  0.001474660198  -0.0004363900655  -0.003799462502  -0.0004902711784  -0.001825669186  0.000825759242  0.001860202566  -0.0004082307297  0.001662542365  -0.0008025503943  -0.004354570181  -0.001150979029  0.001915546302  7.069609862e-05  -0.00111822981  -0.001535014507  -0.000663554372  -0.001580764788  -0.002271300379  -0.0006014682868  -0.0003814552519  -0.0002412664901  -9.319435626e-05  0.0003955244781  -0.000293454936  0.001596574916  -0.002566538161  0.0002861358344  0.0005869392083  0.001017805865  0.0008291379071  0.001403059149  
0.0001119989938  0.0001611487703  -0.0008032656716  -0.0006973760371  0.003292491054  0.002788948316  -0.001416622448  0.001656630159  -0.0004658546766  -0.0006216042307  0.002624266001  0.0007132667003  0.0008073004259  -0.003690951008  0.0001146612  0.006670851572  -0.000966768746  -0.003215929949  0.0002316578084  0.0007590258712  -0.001760353209  0.0003703081649  3.650444996e-05  -0.0006343213037  -0.005491510501  0.003253060346  0.000317913481  0.0007435800568  -0.0001138441645  0.000219366641  -0.0004882115074  0.0013210248  -0.0005056089602  -0.0004278822973  -0.006062723844  
0.001844920383  -0.00114082966  0.001579896474  -0.002532003008  0.002661201739  -0.0005821114184  0.003992377937  0.0004468547712  0.003762184728  -0.003602391968  0.005428275482  0.0006890280355  -0.002777494263  -0.005815687531  -0.003796612191  0.00238789027  0.001477465917  0.001487000121  -0.0007613421655  -0.002659122077  -0.00232880566  -0.0001418365222  -0.001269365748  -0.000856489798  0.0001949448741  0.004432964736  0.0009650554153  0.001452619905  -0.00123965176  0.002469154173  -0.0009534339878  -0.003095568388  0.01138038754  -0.005518609265  0.005659581846  
-0.0002231950694  -0.001916911108  -0.0002468095784  0.001589515899  -0.006406700693  0.00798803532  -0.00138127503  -0.0008789156858  -0.002694007952  0.002695009777  0.0009182215108  -0.001561045468  -0.003481713445  -0.005297738678  -0.001462460445  -0.0005568102955  0.005932392829  -0.004676490927  0.002424054605  -0.0004716449061  -0.00320303462  -0.0004418522365  -0.001634443001  -0.002250018698  0.0001729474721  0.002439056344  0.002114693274  0.002544807016  8.300786345e-05  -0.00175987732  -0.007620137665  -0.000228268371  -0.01088939957  0.004250022659  -0.002763051791  
0.0004606096851  0.001050604149  0.001906262175  -0.003601007519  0.005396151602  -0.001027527468  0.0005845255696  -0.001029605759  -0.0009268896612  -0.003767568353  0.003642977992  -0.002442748536  -0.0004783761233  0.00243415626  0.001159632322  0.005670014965  0.002776824266  0.002819871808  -0.0001451219745  0.001017376418  0.002298865573  -0.001739409371  -0.0004219056066  -0.001044355611  -0.002540039255  0.006082189949  -0.00169202331  0.00133206024  0.004601253429  0.008893595282  -0.002765367771  -0.001562877383  0.003253272968  0.0006591339416  0.01341859772  
0.002447989318  0.0005612737036  -0.0008362632753  -0.003020359823  0.003054246757  0.00334806245  -0.0007496426164  0.007227393617  -0.0004638067088  -0.002937374106  0.00255869294  0.003444967698  4.70151007e-05  -0.004760874835  0.001106301487  0.001860321527  0.004243617981  0.003019694338  0.003134630544  0.001049055903  -0.001302984393  -6.369498796e-05  -0.002697583931  -0.00375683439  -0.00364533559  0.005297911563  -0.0005100863006  0.003115713622  -9.159200763e-06  0.0009385175852  -0.001287067989  -0.003531534549  0.001541791954  -0.01088901261  -0.004317149519  
-0.0005205458291  -0.002012999321  -0.006044519902  -7.036582033e-06  -0.004264959635  -0.008824871347  -0.01260922587  -0.004648878404  -0.004581387699  -0.004948765871  -0.01140289014  0.0005621935972  -0.000372933171  0.002717905149  -0.005129592521  0.004981706418  -0.002976447528  -0.005924511309  -0.002667782135  -0.001918934288  0.000657642864  -0.0008314406767  0.003271118579  0.002772074736  -0.01017952888  -0.0006113470103  -0.003045862879  0.003751262393  -0.002780034388  -0.01004595818  0.0001930536596  0.008726240446  0.004837570633  0.01582739267  0.01437716231  
0.00290553636  0.002825922092  0.001836657468  -0.0003929853486  0.00188931721  0.001797635726  0.006857502106  -0.0003602079613  0.001166951912  0.0005307738325  0.006880675259  0.0006486821136  -0.001445471709  0.006108460071  -0.0003064960667  -0.001820661116  0.001637471727  0.01001818738  0.002393203321  -0.001121488322  -0.001384472097  -9.905079197e-05  -0.001811872308  -0.005704065575  -0.003596254285  -0.001534388274  0.002849408202  0.003072227153  0.002218834515  0.00407140707  0.0008431041886  0.00175765036  -0.01108047086  -0.009537235789  0.006332825759  
-0.000640135451  0.0008951586309  -0.005319430146  0.004130200415  -0.00677025363  0.006701052047  -0.001639804174  -7.196584017e-05  -0.001032200369  0.0009699355451  -0.002824418917  0.0008090209953  -0.004685286799  0.008336910832  0.001870130395  -0.003463605192  -0.002751552871  0.001424574034  -0.003354593747  -0.0002083522012  -0.001084404331  -0.006364720982  -0.0002409726827  0.001167830721  -0.001595695433  -0.000982441703  0.0001853876793  0.001485932357  -0.003991096999  -0.004122379209  0.001707261331  0.002804660577  -0.006836007334  -0.00620086609  0.001084594687  
-0.0007864216108  -0.001626832372  -0.002906297778  0.001279350143  -0.006415851988  0.009559804696  0.001168522624  0.005489010611  0.003178589191  -0.005764082731  0.0008434768223  0.0001060820613  -0.001490510857  -0.009636004973  0.005921878045  -0.002560061957  0.01256877451  -0.006599552955  0.005169056643  -0.005616331313  0.004218930086  -0.004782477004  -0.002487341611  0.001766028458  -0.001072931255  0.009308101866  -0.01143527539  0.005161992362  -0.003806498459  0.003470222259  -0.01045380092  -0.008260615634  -0.001060878883  -0.001484854524  -0.002278860374  
-0.002256451166  -0.0004348611659  0.006166466559  0.00188714753  0.006651386889  -0.004291082608  0.0125299578  0.006554805665  0.006081321235  -0.008426777166  0.000193083842  0.0004389741672  0.0003051023948  0.00360997346  0.01141167797  -0.006274481918  -0.006089784772  0.01031642097  -0.00285295373  0.003091884424  -0.002331812375  -0.003893582242  -0.002193114743  -0.002267019848  0.006887326536  -0.0007264986858  -0.0002538243859  0.002360349018  -0.002157739045  0.004233900111  0.004708778239  0.002857759043  -0.01025160022  -0.006507053056  -0.02260506713  
0.003201791401  -0.001126140592  -0.009195438583  -0.002285916276  -0.006850784083  0.008318359071  -0.001543688561  -0.0038208288  0.002226552765  0.002408255485  0.006326883079  0.005528387115  -0.008593406765  -0.001691158932  -0.00645183386  0.002699728746  -0.0002396778381  0.0006537855763  -9.212468575e-05  -0.006006607726  -0.002865718377  0.004810252011  0.00817899211  -0.002296133415  0.003401456075  0.006216192038  0.001065562754  0.001839978186  0.006032692706  0.002120645791  -0.001750287061  -0.005868641827  0.01939524491  -0.001814993071  0.0005790001765  
0.0002457129555  -0.001662926566  -0.01351990611  -0.00888091474  -0.01366328655  0.00770462269  0.0001840539433  0.001619520546  -0.0100123867  0.01206555981  -0.0004865791936  0.004774802216  0.00143162794  -0.004712884511  -0.01261867024  -0.003161266066  -0.005008992044  0.01296741453  -0.002361999246  0.00829846299  0.001465849924  0.003916666465  0.004536706895  -0.0114533164  -0.007528712273  -0.001476336428  -0.006062148007  0.002530689457  0.001815585971  -0.003543473604  0.001781378288  0.003846873529  0.03720941774  0.002727395695  0.01241921534  
-0.01091876646  -0.003888487193  0.005396727154  -0.0005955251027  0.02670156052  -0.01081900789  0.0006885187454  0.004947800239  0.002703373082  -0.03065447553  -0.005773005487  0.0007235885677  0.001912814033  0.007131043047  0.006364413408  -0.001596259239  -0.003428756499  0.003551882893  0.01974081831  0.00904834085  -0.006326482837  -0.001793929167  0.009618108619  -0.006832019787  -0.004568484174  0.001302149414  0.005382048415  0.001200232932  -0.00113768598  -0.004565584498  -0.00255712557  0.003985773274  -0.03323278901  -0.01434456317  -0.009979844757  
-0.001746030007  0.00179760011  0.01134466498  0.01709417029  -0.03465455723  -0.01458347809  -0.002825614988  0.0004336460493  -0.004382667314  0.02810394352  -0.009691784891  0.004426956777  0.0007319516633  -0.04540377675  0.01600749171  -0.00759011813  0.009916279006  -0.00406088441  -0.003360356754  -0.01013170599  -0.005560963141  -0.009022942808  0.002706305273  -0.005609876963  -0.006665795344  -0.0007497813722  -0.004686925509  0.005338882424  -0.006743326955  -0.003479092481  -0.007746087898  -0.002193832038  -0.02366876789  -0.0004916668268  0.01991994798  
-0.005203389501  -0.001497819316  0.00124992082  0.002933370282  -0.01790628545  -0.008432822427  0.004636097001  -0.005565484363  0.001486874178  0.0160368019  -0.0009676486589  0.001718033383  -0.008093639054  -0.008127470322  -0.004189650535  0.001424348803  -0.01242150164  0.006013052131  -0.0004173450245  0.008755682078  0.0003457905708  0.01122597407  0.0004061965567  -0.0009193542401  0.003669849715  -0.007303943398  0.005110229291  -0.005864955111  0.008427314726  0.005488726763  0.004987797063  -0.002535811304  0.02943857969  0.002378650808  -0.005470092158  
0.01702811169  -0.003489588235  0.03929657565  0.02214035144  -0.02614246603  -0.04437997895  -0.001711632188  0.01569568803  0.002350555088  0.03403651278  -0.01499514965  0.006012606212  -0.000794948305  -0.03659827626  0.0340778716  -0.0105606963  0.01806039273  -0.01677705286  -0.002234876786  -0.004316941837  0.009061750504  -0.008416599666  -0.01420868843  0.01138224504  -0.0138128016  -0.003297018821  0.009279402424  0.001766819917  -0.0242400329  -0.0001445798139  -0.007517115533  0.002923969568  -0.07370468499  -0.02222596309  -0.02444379218  
-0.008110700356  0.004941849753  -0.001227188756  -0.02318009648  0.04718878371  -0.009590758988  0.01059689326  0.005247980653  -0.008084975652  -0.04453876877  0.00175230563  -0.001996145756  0.001497823457  0.02967777673  0.001713666778  -0.005823882209  -0.01530117205  0.02806199558  0.004866857905  0.02710718787  -0.006402281136  0.001506730441  0.00171568407  -0.008526426613  0.02052336247  -0.01371345788  -0.003070745936  -0.003299430448  0.00440699241  -0.009445553871  0.01534836765  0.002347116604  0.0101617304  5.418656631e-05  -0.03933812163  
0.004046176962  0.008335979362  0.00724817029  0.01638101158  0.04372373672  0.03362813979  0.01327084116  0.02001175934  7.265773984e-05  -0.05734737387  0.0001516625704  -0.0004710763765  -0.0003924050128  0.01386760611  0.03987524847  -0.008014838348  0.01842899511  0.004802875669  0.0270065409  -0.008697226959  -0.01531343496  -0.01980823644  -0.01315655482  0.004320069338  -0.006486697428  0.004714823394  0.009422803496  0.01197981687  -0.02288504065  -0.003295278655  -0.01667162113  -0.01070130403  -0.1326631015  -0.0846436881  0.00827058706  
0.02000627045  -0.009427080139  0.04067489596  -0.03529520775  0.03084514654  0.0264177146  0.01386815659  0.03402500581  0.02162598263  -0.04548349009  0.02311786669  0.01553125071  0.008970646058  -0.1746443499  0.008153501019  -0.0118680033  0.0625626976  0.002257518735  0.01059830944  -0.01610059598  0.02161432511  0.002903067519  -0.0214450059  0.005568203696  0.004158262747  0.03543883755  -0.004642975026  0.01198505697  -0.01890011589  0.03395241055  -0.01719138364  -0.05636706516  0.1319607702  -0.03380247318  -0.06427239109  
0.09497724948  -0.004429369095  0.02247115286  0.01889141865  -0.3266713428  0.07191312371  0.02227136188  0.1217881456  0.04630766277  0.288724438  -0.03579162148  0.05290905183  0.02608765428  -0.4801935999  0.04500968842  -0.1193724516  0.1537789595  -0.005309444415  0.004111312415  -0.07784395051  0.06235834433  0.04840995892  -0.09202396698  0.03383643089  0.0100854681  0.04974868817  -0.01128576854  -0.0166145521  -0.08259880806  0.06494399754  0.002048647835  -0.1328200156  0.4897826129  -0.2618859437  -0.2671003487  
0.09787881454  0.00363504345  -0.01938355639  -0.03731442134  -0.3324941634  -0.01787238901  0.0240198477  0.08860914597  0.05276916977  0.3188041272  -0.07546305109  0.06413701763  -0.0006041589335  -0.3333650112  -0.05259959376  -0.07077426398  0.07176327829  0.0445288198  -0.03216602349  -0.07681436239  0.04868178227  0.1169830862  -0.07732817764  0.01214463643  0.01199161486  0.007466392429  -0.01277865973  -0.01115990659  -0.08063014914  0.04838197388  0.08872849099  -0.09706876629  0.7460099318  -0.2776602886  -0.2880636912  
-0.04820988812  -0.06954761403  -0.2932411843  -0.350508996  0.2497138511  0.03186439318  -0.05482786986  -0.1179437947  0.04831727285  -0.06386037052  0.02762305317  0.02208460695  -0.03256922967  0.3002878888  -0.5173235397  0.1877030135  -0.245726073  0.1729894862  -0.1015380873  0.0981736995  -0.0137926979  0.2128443848  0.2434752729  -0.02318176832  0.07266794775  -0.1054204348  -0.05386577051  -0.03510045613  0.1507600927  -0.157904212  0.1606039726  0.05014840916  1.245067137  0.5771311472  0.3257605191  
0.06236917225  0.05835809366  -0.3090797044  -0.1140756092  0.4167124291  0.5022185142  0.2931809361  0.3455003912  0.1430805798  -0.634849736  0.02088183236  0.1450292488  0.1046148389  0.1534302243  0.0560717086  -0.1571324546  0.1791903706  0.317853621  0.2155771749  -0.06266283704  0.06704225953  0.1455913486  -0.3668852148  0.09813831183  0.1887426409  0.0612117054  0.004735547837  0.1181492335  -0.2576153018  0.2370649745  0.1759057149  -0.3237973489  0.2907740843  -1.662298787  -1.026686061  
-0.08600403563  0.1575426823  0.1869753508  0.1056465082  -0.2255107433  -0.7590354788  0.104751461  -0.0046783913  -0.05157271344  0.485677791  -0.352990875  0.2400947077  -0.1702862483  0.829038708  -0.235373537  0.2072526386  -0.4605917399  0.253555933  -0.04373867564  -0.2415155774  -0.1376521942  0.3906170227  -0.002939029314  0.005860864222  -0.1563738224  -0.317969939  0.111367623  0.135984132  -0.2537108162  -0.2065557013  0.4508892435  0.2126826316  -0.01493605736  -1.414195445  0.06489004218  
-0.05853366366  0.1025377923  0.8085283583  -0.2644643001  0.6212139209  -0.8492396576  0.1497650664  0.1200969497  0.00564828748  -0.3684480228  -0.1805226154  0.03423624289  -0.06747852373  -0.418644969  -0.1446094686  0.1464968341  -0.1032464957  0.04094154888  0.1532037985  -0.2403529724  0.1394684659  0.1896448458  -0.1953904077  0.1337663156  -0.389968706  -0.03296981213  -0.06311211427  0.1784237691  -0.005650155041  -0.1200650626  0.06297302559  0.007899134818  0.2815707209  0.8119941427  -2.236176214  
-0.04373049039  -0.2996306345  0.6697706336  0.0969507981  0.599323227  -0.2574954655  -0.4014697228  -0.003564530903  0.2088801906  -0.7747596582  -0.5002809474  0.09157025811  0.0635409524  -0.9479799208  0.09670942556  0.2480907805  0.5195458498  -0.01611208299  0.2045968389  -0.2765926073  -0.23456565  0.2716100534  0.4544646534  0.2055122955  -0.2835615883  0.1519926301  0.4109966187  -0.2505840067  -0.8913831088  -0.1252330051  0.08802901911  0.145310026  0.5748182122  -1.275253762  3.781916682  
-0.1400430253  0.03433900758  -0.7556592993  -0.001502829361  -0.1925004885  0.388243167  -0.3231615278  0.090559901  -0.08643143746  -0.02686411777  -1.189884562  -0.345082739  0.6383623923  0.4041884723  0.6023737663  0.7282195037  -0.1291828285  -0.3142241591  0.6937960304  0.3704457189  0.161781294  0.4572794375  -0.3137509975  1.754024611  -3.295345836  1.478768205  0.710388074  -0.9296123582  -2.240552276  -0.1245384781  0.7397829612  0.9927889383  0.2282004783  1.053074243  -0.933721669  
-0.08277097047  0.2415285913  -0.6141510804  0.4661028825  0.154502338  0.3561393508  0.2179410433  0.2296137022  0.1302174778  0.1553201443  -0.4009435118  -0.6783716885  -1.159475592  -0.1851756177  -0.900214182  0.6098273951  0.3004057685  -0.6059391541  1.403089068  -3.301834909  0.7596615629  1.728593043  0.9429196835  0.7602145002  -0.6005215396  0.8567155602  0.7595501576  1.451011509  1.851414311  -0.6213907986  -1.896951577  -0.9413081614  -0.3642882455  0.1511451664  0.2705468085  
-0.1544529866  -0.0863260349  0.3253078452  -0.0611526643  0.08387639012  -0.01264378618  -0.1603810229  0.4527788419  0.03037382426  0.0524405417  -0.2153891639  -0.01729096243  0.4817531661  0.3770771836  -0.3406741976  -0.2539310967  -0.7221876636  0.03640425226  -0.7993708432  0.03212549616  0.150592639  -0.7327375443  -1.023429226  -2.205025645  -1.09692624  1.550448105  3.115893868  -2.739752238  1.486821626  -1.594058564  0.09312039205  -3.833059261  0.01169015114  -0.2336868567  0.1157544471  
-0.05622104092  0.2028405035  -0.2860608275  -0.1066611088  0.2653238267  -0.01853656005  -0.983918841  -0.1419520097  0.4594798516  0.1869720663  0.4956624691  -0.063450099  -0.9687030994  -0.4268157295  0.08826282952  -0.4971622844  0.114550816  -0.156918962  2.06704327  -0.1292774257  -1.669230648  -0.300799926  -1.700953611  0.5237528528  -1.945639882  -1.33471961  -2.798244164  -0.3615903499  2.036998983  -0.6155468931  3.32906936  -1.935806796  -0.3676954155  0.05390092704  1.083722461  
0.1048394288  -0.02006390801  -0.05996637236  -0.2744932302  0.1906447113  -0.3040946188  0.1663607714  -0.2467756778  -0.7011139279  0.2661603552  -0.7755893861  0.425787435  0.3710884171  0.4473025519  0.7967488495  0.1485415836  -0.2871575566  0.1871262362  0.6370912633  0.007814388495  -0.7755228783  0.1486093831  0.4361168968  2.505034221  0.17285833  -2.952046729  -0.5344288392  -2.976370926  -0.0640132462  1.835741842  -3.543009617  -2.605122621  0.340758421  0.1074366749  -0.003367093549  
-0.00552321398  0.3943431957  -0.3530440369  0.5115297706  -0.3797221032  -0.01841427258  0.08733956656  -0.9852832338  0.2388315674  -0.7059725101  -0.4604027863  0.8888072108  -0.9561582275  -0.2911498083  0.160326681  1.123466767  0.8287788233  1.322106707  -0.4875978024  -0.7342871741  1.989463933  0.2163368201  -2.175459911  0.5412198104  1.734663743  0.1594744842  -1.712656724  -2.669232202  -0.564326508  -3.852224857  -0.5217762197  0.9481741699  -0.2963968257  0.4640387618  -0.02210621891  
0.1259557136  0.2375083633  -0.2786517806  0.1311434768  0.254492319  0.3376072845  -0.3778648036  -0.1280559899  0.9263076902  -0.03554855557  0.3882632488  0.2917304942  -0.3201441269  -0.2206883646  0.5088890338  -0.4389038394  -0.6001098525  -1.992904196  -0.1929518267  -0.05711984703  0.1692377964  3.70797305  1.022279076  -2.883010157  0.1587646955  -1.836232706  -0.5645331372  -0.4698390043  -3.241346558  -0.6216116443  0.4393039447  -1.547428143  -0.6905483313  0.9618186594  -0.599735907  
-0.3886897536  0.04317751006  -0.1179528173  -0.01159923349  -0.2312317952  -0.488206791  0.4566676701  -1.172631892  -0.2897296907  -0.1240584606  0.1101696845  0.7908089988  -0.3449122836  0.294981015  0.365734265  1.377483061  0.03350826461  -1.501654606  -0.374565376  0.2357840639  -1.182257849  0.5313659665  -3.129456073  1.616366791  2.110506162  1.751206013  0.8892022965  2.454352345  -1.492021426  1.163851978  0.5972160558  -2.99076279  0.3203315201  1.238574987  0.8522188089  
0.2885020367  -0.07847208487  0.207505703  0.181464667  0.5917742381  0.1872502436  -0.4398006645  0.8061844384  0.1123306344  0.2629906622  0.7102412606  -0.07560203072  0.333945559  -0.008356396101  -1.413628539  -1.117253612  -0.9892248687  -1.401371736  -1.502558041  1.190398755  -1.267145129  -0.0595044967  -2.235657015  0.6246476771  -1.877066596  -0.02399271153  -1.452609497  1.651881096  -0.5480362059  -2.700570988  -3.882510895  0.4162671325  0.3292206289  -1.290327558  0.4269815148  
-0.635736205  0.04379026283  -0.01529401825  0.09940573724  -0.3073109646  0.1025202296  1.296197638  -0.1578269938  0.5527220051  -0.1072837334  -0.5962033395  -0.05471664891  0.0661431098  0.4603534652  0.05716975631  0.1807450025  1.692076265  -0.7749478742  -1.221910305  -1.19266617  -3.693350545  -1.903313331  3.086646162  0.1038901759  0.2823058938  1.249497807  -1.58910419  -0.4952326834  -1.184039314  -2.064450478  0.2683362821  -1.161752071  0.4076494863  -0.05750648223  -1.481048598  
0.1505102139  0.1451031014  0.06362465289  1.158019592  -0.3935304018  0.1501514488  1.218311871  -0.2020334286  1.159803019  -0.6044431333  0.3157781143  -0.09199512822  0.7246894427  0.0009347429994  0.4399185433  2.16580626  0.8432724257  -2.383192427  0.7015397059  0.9527010398  -1.940392777  0.966147945  -1.137728235  -0.4971588262  -0.03937871151  -1.868268787  2.019095482  -1.059419291  2.554296498  -0.3585656068  -0.0615078815  2.677852003  1.214929169  -0.4130843582  -0.8330177291  
0.4377985842  -0.3065367791  0.04815029673  0.1730914647  0.01210335055  0.6440075977  0.1075864933  0.7429949413  0.1281032157  -0.3303984928  -0.3777019012  -0.9282069391  0.4279627329  -0.5669302856  0.3489326939  -0.9688286982  -1.692945169  -0.3220738949  -2.255424783  -1.35803627  0.2482238555  -0.326223446  0.3227378731  3.372371912  1.064150458  -2.916965493  2.148092825  0.8139874119  0.00467252384  -2.292395431  2.696204476  -0.2904667911  -0.5241361374  0.64289779  -0.03558039096  
-0.7223900356  0.08130967438  -0.1111520498  0.007083888388  -0.520900707  -0.001758948294  1.045779328  -0.3057580799  0.1135639095  -0.0183402674  -1.07196793  -1.635586767  -0.1202104978  0.03475039455  1.291114298  0.3006035535  -0.3137433304  1.141744224  3.052937856  1.518442378  0.8240962777  -2.016902696  -0.0126313836  -1.507960585  0.04281177845  -2.070039798  0.8277926991  2.704084492  -1.377003722  -2.57268458  -1.110498179  -1.292950406  1.175257653  0.4226317047  0.4474714178  
0.1922309875  0.7048200927  -0.1422961242  1.458603992  0.2574207495  -0.3238583897  0.4011424471  0.2473014724  0.9734476064  -0.1206868574  0.4652954947  0.3873487159  -0.2799570112  -0.2889029923  -3.548048925  0.7990356606  0.3264129105  -2.429303994  0.7225511728  0.9773076703  2.732154497  -2.951206732  0.9762095466  0.8948720546  -0.09100600453  -0.798594129  -0.2056747928  -0.7482089766  -1.520133245  1.094827465  0.8190159729  -1.304495841  -0.2642185587  -0.438620057  -0.1430260356  
-0.5087261626  -1.555434781  0.09264155993  0.6308349699  0.3272483764  0.4336168136  -1.360500426  0.1991978938  -2.019782308  0.6535341342  0.7193056014  0.6594468027  -0.09395940959  0.3431659086  -2.265042166  -0.1589689727  3.420058391  1.480763387  0.6391695243  -0.5350470421  -1.361024645  0.2529049555  -0.9845057309  -0.4052009994  -0.01187102153  -2.155491895  2.23195524  0.2247678122  -1.78729172  -0.5630343527  0.3315187487  0.2809448559  -0.5321470206  0.6727505082  -1.561527248  
0.1431375365  -0.5610508581  0.8770772791  1.129585503  -0.1681495764  0.634234227  -0.2656750899  -0.2887040876  -2.137850596  -0.2506682653  0.3312927711  -2.230963555  2.97883099  0.4297602485  -0.7564291886  0.5215006232  -2.115908347  -0.92469146  1.753190204  -2.318941321  -0.2651177151  -0.1554951169  -0.8827042651  -0.8965506963  1.690713791  0.8270668028  -2.120956282  -1.117243926  -0.8770457374  0.03262031338  0.6824584826  0.3082266774  1.11908738  -0.5265916511  -0.6467251271  
0.6481278029  0.9129828689  -0.4183264395  1.534742347  -0.594716923  0.2674516147  -0.2908967165  1.019582628  -0.1810137054  -1.185511382  -0.9289898723  1.748598798  1.891359982  -0.6449667418  -0.2209164886  3.039392893  -0.5579521256  2.644209201  -2.110060509  -0.7580865606  -0.4906708097  -0.3160058095  0.08912538348  -1.708157313  -1.696831792  -1.465583197  -1.355402403  2.256945524  0.5035073532  0.9961922439  -0.04739731518  -1.519133688  -0.4376445761  1.475235377  0.4357068081  
0.3116264997  -1.677561795  0.6468500907  1.573380614  -0.6200111764  1.022514002  0.606945157  -1.635037797  -0.4365253277  -0.974813141  -3.164410703  -0.02281359728  -0.6894687598  -0.6061792104  -2.000604868  -1.081498716  -0.8419856581  0.5839240785  0.1393868429  3.264500688  -0.5006514566  2.255605524  1.135948881  0.5294916966  0.4000022105  0.9248972339  -0.821152644  0.3925534493  1.757106996  -0.1385604183  0.4766390255  -0.9998937138  -0.8539692962  -0.4362800325  -1.486260744  
-0.225109512  -0.2525927283  1.07414019  -1.679361729  -0.2940758339  0.3249790251  1.517016695  -1.276990724  -0.005999760901  0.6419742724  0.2711702545  -1.357984235  3.001077726  1.172903666  -0.1877648152  0.4089678314  3.513754913  -0.5552480119  -1.653084614  0.3784427948  2.981462844  1.76927915  -0.1224506044  0.6639569104  -1.794943823  -0.9167334997  -1.574698748  1.007664604  1.280796921  -0.5630646394  0.8014532598  -1.736249225  -0.6931172795  -0.6365867245  1.033065464  
0.8997661558  -0.6141580879  0.5865611667  -0.6082124666  0.5852235873  0.7793303006  -2.030148652  -2.790852872  1.283829961  1.150466869  1.892837786  2.893354831  2.137743818  -0.5311990207  0.6401928661  1.440630002  -1.294419815  0.3969589795  2.048448819  0.2318665296  0.06363796245  -0.5847744467  2.446555768  1.313402265  0.1417988851  0.7899887092  1.095803409  1.149706246  0.3665464262  -2.394086592  -0.3851614589  -0.6019984729  -0.701898277  -1.822202527  -2.477672442  
0.1782698069  2.28754295  -0.8953693293  0.7099901295  -1.083435168  -2.088247512  -0.5907081117  1.596441381  -1.262989573  -1.687705794  0.2401382501  1.752684248  2.816965314  0.5591929767  -0.2089577935  -3.051294537  1.48869116  -0.449956836  2.181786411  1.45810626  -0.1144634114  1.758207765  1.344073137  1.278552439  1.624176595  1.128165951  0.4886729319  0.4102870666  1.106023805  -2.056607344  0.29563438  -0.3429083244  0.5002408367  1.773644484  1.282357542  
-0.9253456078  -1.123097657  -0.4270599346  -1.620275191  0.8644583121  0.7590859669  -0.5671102935  2.208567692  -3.045270697  0.8245836946  -2.848656855  2.928473039  -0.2623244195  -0.2351774616  1.299885946  1.616835953  -0.1030040501  -4.045072851  0.08457086271  0.4478231076  1.610902081  -1.076748745  0.5132564868  -1.10319922  0.8937082506  -0.5591596689  -1.172613279  0.64629734  1.729711389  -1.306872053  0.6654513358  0.6203237941  -0.1191304105  -0.9771788763  -0.1420211319  
-2.486937124  -2.227280424  0.3228356838  2.266159886  -1.383685474  -0.2239425455  -0.261321048  -1.075308156  0.9374570702  -2.097931495  1.186626621  2.372534405  0.006198312378  1.567017192  1.853468917  -2.600816495  -0.4922160329  -0.9776623482  -0.7629071772  -2.083256196  2.118780242  -0.9091292362  -0.2287432196  -0.04820829522  -2.05635163  -0.7659395511  -0.5972283408  0.7061171486  0.7938929126  1.075945667  -0.5195578749  0.02778114782  3.062924628  0.5613477949  -0.7528127782  
0.9564042915  0.2363575936  -0.3559044939  1.279866304  -0.4386619941  -1.040573304  -0.9767282532  -0.6075544144  -3.9836305  -1.723779513  3.299512096  -1.993557685  -2.728047706  -0.114635619  2.046394829  2.141145644  0.4006247381  -0.5291434932  -1.749144231  2.127648564  0.8724354688  0.5471735851  2.639556808  0.8015513726  -1.475991236  0.2725075935  -0.0584370723  0.1572130403  0.47541356  -1.314343151  0.3760922758  -1.818803838  2.060909562  -2.516084813  -1.84914386  
-1.756258402  -2.70454906  0.4992896632  0.6746062596  -0.6116409209  -0.3687518776  0.7849407351  4.718730087  1.886878291  1.016292298  2.678548142  -0.4313063255  0.2958919547  0.06818096209  0.1965997323  2.714093938  -0.8939197624  1.898514624  1.100712607  2.158946667  0.3555963014  2.282057686  1.027083148  2.108519926  1.391065884  1.494082901  -1.436474766  -0.9045497116  -0.09128410026  -0.9093556774  0.1353168677  -1.316150768  -0.9847830981  1.093141687  0.8467708919  
1.552755505  -0.5833559507  0.2945540371  0.3457992199  1.012923755  0.5620221624  6.059214364  -0.3574183447  -2.618112862  0.8654007629  2.135507131  3.270199871  -0.5741080512  -0.6197856463  -0.009279054583  -1.24225694  -1.444245867  0.7439489589  1.483173024  -0.7997705001  -0.07357722345  0.2537621373  0.06100750706  -0.1343450228  -2.565796993  0.3005698266  0.257892327  -0.5777764186  -1.081232392  -0.9316396797  1.147395125  0.5545945102  -0.1616801659  1.884771161  3.416521118  
1.512214967  -2.580681371  -3.890936562  3.351924579  5.008600651  -3.890454304  0.5381230086  -0.7071125859  0.9611120101  3.247634582  -1.289060768  -1.380709101  1.934784029  -0.867463753  2.378346432  -0.8637207032  1.62639461  0.03444500148  -1.227499429  0.00606245053  0.8589690786  -0.452925838  -0.4685668072  -0.9376684804  0.8500426551  0.8310413769  -0.8780019286  0.5257935749  0.8091027197  -0.1113015539  0.3791475004  -0.673095958  0.7537985654  -0.04286110484  -0.3256879979  
6.056600357  -3.93648846  0.7175441363  -1.799231342  -2.845416301  -1.550861672  -0.6709805179  2.055073051  1.933065076  -2.904988297  -0.9324370435  0.1262888958  -1.197742911  3.955488938  0.6278131758  0.2642613875  1.601284576  -1.431996437  1.726419665  -1.538284332  0.2505415605  -1.734628803  -0.737378898  -0.9307769324  0.1317285078  0.2578919397  -0.6217787609  0.7172052067  -0.8659454765  -0.3497508521  -0.5709248584  -0.7723047717  0.1535977059  2.335087404  0.2632234291  
1.807900296  3.214242236  5.954325866  4.81846036  3.976015071  5.346688565  -1.793500532  2.194296509  0.760281055  4.353910131  -1.556666138  0.6671263455  -2.423344342  5.76515254  3.669888478  -0.6779318152  2.600806749  0.5019133756  -0.1510556065  1.154005128  1.201627203  0.3179881474  0.194200549  1.243658516  1.203449154  1.514416983  -0.5663795778  0.801260865  0.2079775491  0.06491686643  0.8078748608  -0.807152732  5.918079524  4.097399231  0.5034542337  
