4.315028481  4.292249509  0.4068006696  -0.09074247568  
3.914859783  3.894193296  0.05872538251  -0.07365001169  
3.801943084  3.781872682  0.1115140934  -0.2569970539  
3.635695087  3.616502306  0.1643660279  -0.04591587957  
3.46502875  3.446736914  0.1760523367  -0.1177319809  
3.402598359  3.384636092  0.2196999779  -0.4252514127  
3.361654122  3.343908  0.2856307666  -0.07525858998  
3.345668233  3.328006499  0.1430142951  -0.04690068528  
3.279295834  3.261984479  0.04979604496  -0.0576568321  
3.162770598  3.146074379  0.1404658827  -0.03238515097  
3.115183968  3.098738957  0.2198378389  -0.04634301051  
3.112949821  3.096516605  0.273071571  -0.03172704591  
3.107447068  3.091042901  0.03550111072  -0.02920702992  
3.047286601  3.03120002  0.1146847701  -0.1012461926  
2.93198581  2.9165079  0.08620226112  -0.04306447166  
2.907760223  2.892410199  0.1540439684  -0.07432308216  
2.838408627  2.823424709  0.03743566796  -0.05099955643  
2.719271243  2.70491625  0.05771124439  -0.0792320149  
2.702004534  2.687740692  0.05151198241  -0.03176445141  
2.690097509  2.675896524  0.05470111664  -0.07966864341  
2.613815049  2.600016758  0.0570060313  -0.02075121427  
2.582339332  2.568707201  0.03288454342  -0.0359302047  
2.522495907  2.509179688  0.03507616716  -0.0471997099  
2.51149609  2.498237939  0.0295506331  -0.04372262559  
2.498395946  2.48520695  0.09121613402  -0.04648658632  
2.485471079  2.472350313  0.02136796518  -0.04669189158  
2.473770755  2.460711756  0.03604125941  -0.02578465556  
2.419712173  2.406938548  0.04688714197  -0.03845043023  
2.379210179  2.366650364  0.02424692721  -0.01487122438  
2.360015347  2.34755686  0.03982151764  -0.02130521243  
2.331608037  2.319299512  0.05639003213  -0.04922234518  
2.27218783  2.260192984  0.01763796604  -0.03289877871  
2.22756224  2.215802972  0.0428877614  -0.1590486637  
1.913554722  1.903453095  0.0926232623  -0.02620844461  
1.551427575  1.543237612  0.02209279588  -0.07577674688  
