  1   1 -0.02115182
  1   2 0.05827287
  2   1 -0.00058578
  2   2 -0.07913011
  3   1 -0.01024126
  3   2 -0.00966720
  4   1 0.03317791
  4   2 -0.00483922
  5   1 0.03426504
  5   2 -0.02056319
  6   1 0.01025529
  6   2 -0.01919661
  7   1 -0.01342959
  7   2 0.00225800
  8   1 -0.00444374
  8   2 0.01799262
  9   1 -0.02086848
  9   2 0.04813788
 10   1 0.02152323
 10   2 -0.02375866
 11   1 -0.02359054
 11   2 -0.01216332
 12   1 -0.00681787
 12   2 -0.00506477
 13   1 -0.02324942
 13   2 -0.00132439
 14   1 -0.02451628
 14   2 0.01368564
 15   1 0.02791507
 15   2 0.00625148
 16   1 -0.03204802
 16   2 -0.01150625
 17   1 -0.00275498
 17   2 0.01293625
 18   1 -0.00955786
 18   2 0.00125662
 19   1 -0.00285162
 19   2 0.00708141
 20   1 -0.00401391
 20   2 -0.02949958
 21   1 0.00080589
 21   2 0.00856871
 22   1 -0.00471423
 22   2 0.01197681
 23   1 -0.00213376
 23   2 -0.01110703
 24   1 -0.01059617
 24   2 -0.01147654
 25   1 0.00183432
 25   2 -0.02326378
 26   1 0.00780161
 26   2 -0.00181934
 27   1 -0.00043286
 27   2 -0.01257456
 28   1 0.00525105
 28   2 0.01448131
 29   1 -0.01054905
 29   2 -0.00532779
 30   1 0.00021182
 30   2 0.01154564
 31   1 0.00241010
 31   2 -0.00973216
 32   1 -0.00577600
 32   2 0.00527206
 33   1 0.01214199
 33   2 0.00124628
 34   1 -0.01002641
 34   2 0.01099736
 35   1 -0.01092085
 35   2 -0.02189197
