2.334178879e-12  
2.646571342e-08  
-1.076356307e-08  
-4.190702392e-05  
-0.0001711368026  
0.0003013034183  
0.0001869610118  
-0.000115471484  
-0.000378012099  
9.877708295e-05  
0.0005188675781  
0.0001690693527  
-0.0001037920144  
-9.743969002e-05  
-0.0004824750554  
0.0003891676206  
0.0003118285308  
0.0006081775782  
9.747658438e-05  
-0.000649912118  
0.0007324864291  
7.218688137e-05  
0.0002932709985  
-0.0001388629709  
-0.0003882367272  
0.0008335428245  
0.0001452638974  
0.000938726198  
0.0004576155638  
0.0004277506588  
-2.476397267e-05  
0.0003573189292  
0.0002037816741  
0.0002708903832  
-0.0002475863178  
0.0006354680012  
0.0007085861506  
-0.00107795388  
-0.001008924565  
0.001410231866  
0.001202355377  
0.0007785396679  
0.0002648434732  
0.0002449902266  
0.000307766465  
-0.002346507594  
0.001685903186  
-0.001015152258  
0.0002858328299  
0.0002311550885  
0.0007196460599  
0.006486004215  
-0.00175491747  
-0.001680164203  
-0.001091017742  
0.002158187532  
0.001513308254  
-0.004556374703  
0.0001870315939  
-0.003407750378  
0.003838545256  
0.01406337578  
-0.02171465241  
-0.02290175334  
0.0032870395  
0.01754968723  
-0.009713554975  
0.01590638241  
-0.005703563504  
0.009662737924  
-0.005976183868  
0.007543259688  
0.0359773722  
-0.04210517292  
-0.02623764335  
0.05276289517  
0.04443911606  
0.02419859938  
-0.01382343295  
0.01463638156  
0.03967500582  
0.1278033033  
0.007093526512  
0.01230350341  
-0.0573658409  
0.04438487202  
-0.02691443129  
0.103691817  
0.2838560142  
0.07622152171  
0.9973039469  
-0.1186270041  
1.017468636  
1.645436408  
1.531460655  
-1.460144069  
-0.9377317838  
-0.9218428743  
-2.232237529  
-1.03044102  
-1.492940096  
1.781218774  
0.4184187591  
-1.768953518  
-1.084978111  
1.504704281  
0.26342212  
-1.390899214  
2.569589048  
-0.341444083  
1.873680503  
-1.762901576  
0.5713364626  
-0.4399237919  
-4.247841386  
1.856688589  
0.9654555245  
0.08297740436  
3.913375938  
-3.727372844  
-2.586772066  
-0.1462920602  
2.592520236  
1.455511496  
3.429604803  
