-1.645336179e-12  
-2.018131143e-08  
-5.168328022e-09  
0.0002554146643  
-0.0001168415438  
-0.0003224537866  
3.892222939e-05  
-0.0003693071269  
-5.922063602e-05  
0.0001352905371  
-0.0001301773485  
0.000403766869  
0.001203242418  
-8.863676751e-05  
-0.0002189557331  
7.381331374e-05  
-0.0003053533032  
0.0001551867628  
-0.0002962008415  
0.0009978053132  
-0.0005542476259  
0.0005228532964  
0.0001375005354  
-0.0006078028944  
0.0006134589561  
0.0001112254816  
-0.000246345136  
-0.000237417986  
-0.000122627384  
-0.0009367074317  
-0.0001871101222  
-0.0002319620234  
0.0004933990829  
-0.0008333303935  
-0.0007289755509  
-0.0006145407713  
-0.0004952337957  
-0.00082588248  
0.0002514178707  
-0.0001770127819  
-0.0006268539548  
0.0001339679301  
8.762631901e-05  
-4.917927254e-05  
0.0002408100589  
0.0003062789586  
0.001061258702  
-0.001218041601  
-0.0008111939128  
-0.0002980286005  
-0.0009758612409  
-0.00320345406  
-0.00112956742  
0.003548521193  
0.006888906961  
0.0004418968288  
-0.00114666586  
0.0009895609838  
0.004812644286  
0.01034124544  
0.006989871327  
-0.01247410754  
0.002143544739  
-0.05019795322  
-0.008808597329  
0.07707857601  
0.002169680323  
-0.004348097052  
-0.0208820955  
-0.02609669335  
-0.0223806337  
-0.07438905127  
0.006936506836  
0.01917797873  
0.08659435696  
-0.04461412827  
-0.06559211108  
-0.1100823111  
0.1300237275  
0.03360761056  
-0.03253528285  
-0.1256196952  
0.05790294816  
-0.08565571927  
-0.1020250147  
0.06043654544  
0.04141081079  
-0.2124536045  
0.172478913  
-0.2346936769  
1.393302206  
-0.6491364373  
-0.08922734552  
-0.09786390913  
-0.4420844938  
1.817589868  
-0.5763988183  
-1.564463754  
-1.263926247  
-0.6092361991  
-1.724413732  
2.368259271  
0.3440030631  
1.065611125  
0.7386664952  
0.561140776  
-2.344268268  
4.377875383  
1.253424901  
2.621907925  
0.9615403486  
-1.103907311  
-0.7071170183  
0.762101891  
2.89244247  
-3.808232354  
1.127082086  
-1.163204842  
4.23081945  
2.350150642  
-0.6858241529  
-3.371723495  
1.965393167  
-1.395169499  
0.4721000654  
