-2.871245988e-12  
-3.13063478e-08  
2.253220434e-08  
0.0001102042406  
-0.0005779080234  
0.0001341022525  
-0.0001226799018  
0.0003877826339  
0.0006872064011  
-0.0003419296029  
-0.0003151188696  
0.0001991746249  
-0.0004232081214  
-0.0001354734107  
0.0001553095466  
0.0008520410076  
-0.0003448549321  
0.0008126796693  
-2.324847344e-05  
-0.0002934440427  
-0.000123971132  
-4.060653859e-05  
0.0003611437396  
-0.0006411136302  
-7.430145868e-05  
0.0004516523973  
-0.0002960312047  
0.0003344015322  
-1.427458223e-06  
-0.0005457177203  
-0.0004338500694  
-0.000144818369  
0.0008993418919  
0.0008241871938  
0.0004708543075  
0.0003005327161  
0.0001607265083  
0.0007200134084  
0.0004088094081  
0.0006248010364  
0.001159301232  
0.0001369637443  
-8.799000846e-05  
0.001381894068  
0.001463841339  
-0.0003511700585  
-0.0003079090332  
-0.0005937047583  
0.0001291681697  
0.002544228485  
0.0002034675828  
0.003435006252  
0.0002970344282  
-0.002178429866  
-0.003379147096  
0.001828281867  
0.001838179147  
-0.002957223861  
0.004922661461  
0.007140518368  
-0.008777396201  
-0.001132304796  
-0.02726865989  
0.0505606547  
0.03959976787  
-0.01036573454  
-0.04532414822  
0.03298426778  
0.0303051669  
-0.05071544461  
-0.02493492236  
0.08501892742  
0.07126197644  
0.01837192529  
0.01038388448  
-0.03859629525  
-0.003756234797  
-0.0143624511  
-0.04150857256  
-0.01466986172  
0.05880942802  
0.02798082909  
0.0200422614  
0.01345925244  
-0.05464600349  
0.02123569106  
0.2125217007  
-0.0274150274  
0.336557878  
-0.0237946283  
1.388214471  
0.7397717172  
-1.761527158  
-1.895138695  
2.04941146  
1.361144587  
-0.1515966716  
-0.01181371731  
-1.013198906  
2.648511515  
1.768196706  
-1.838783961  
1.950831848  
-0.7151782686  
-0.326081187  
-0.8273783434  
2.306050427  
-0.9726921642  
2.963931628  
-2.313995804  
-1.500646389  
-2.834935468  
1.474597903  
-1.132047454  
1.917347729  
-4.75151546  
1.010489923  
0.9525679911  
0.6715642507  
-2.719982097  
0.2651042996  
0.1324143366  
2.945709428  
-2.10463956  
2.363479029  
