8.901770231e-13  
1.082212845e-08  
1.809137796e-09  
-0.0002089622974  
-0.0001771047283  
5.691097515e-06  
0.0001807702038  
-0.0002208985112  
4.91013001e-05  
-0.0001181459021  
9.47553408e-05  
0.0002457963371  
0.0002581233438  
-0.0002804946082  
-7.265991283e-05  
-2.743571843e-05  
-4.193096373e-05  
0.0002617707529  
7.815388204e-05  
-1.378043147e-05  
5.866970701e-05  
-6.613035398e-05  
0.0001238574408  
-0.0008521134606  
8.004710065e-05  
0.0001791041116  
-0.0003115380754  
0.0002806523367  
-0.0002853145598  
-0.0004157618274  
-0.0005493377713  
-2.348718655e-05  
-8.040928674e-06  
-0.0002612430823  
0.0004335236883  
0.0007669980293  
4.893902233e-05  
-0.0002204427338  
-0.0009474133154  
0.0003828414107  
0.001173570614  
0.0006129410246  
0.0004502744171  
0.0007544566674  
0.0002340884905  
-0.0006804404588  
0.0008137703562  
0.0002517828956  
0.001077925817  
0.0007834710588  
-0.002477240125  
0.00191231759  
-0.001366855914  
0.0007732609047  
0.0005448460342  
-0.002021692067  
0.001872108854  
-3.937619906e-05  
0.003969297766  
-0.003067464212  
-0.005358644451  
0.006924461439  
-0.01451468038  
0.02169820867  
-0.001860319896  
-0.001491548869  
-0.02723025623  
0.008409311385  
-0.01037620958  
-0.01536145351  
0.01214711845  
0.01342793909  
-0.005250433435  
0.006617330087  
-0.01125676411  
-0.01693340009  
-0.003953191914  
0.002869989823  
-0.01128923845  
0.005634436738  
-0.01228666806  
0.00546911539  
0.008364126083  
0.0225972223  
0.006453316612  
-0.02496365736  
0.02421038534  
0.04895411271  
-0.05262042815  
0.04399244631  
-0.2428506094  
0.1651147698  
0.1734743397  
-0.417790608  
-0.05115598402  
0.3139027711  
-0.5441161701  
0.7361624437  
0.0347658959  
-0.05670655236  
0.1720864894  
-0.4014419673  
0.2699466989  
0.02410664468  
-0.4879326728  
-0.1601355524  
0.6707935254  
0.4442417875  
-0.152306627  
0.1121268273  
-0.4034596481  
-0.8814620382  
-1.782092914  
1.426711426  
-0.991611223  
-0.7994250263  
1.591234326  
-0.5655750314  
0.8305567758  
-1.52885687  
-2.069384912  
-0.9912070157  
-3.705138493  
2.318537415  
-9.25279746  
