1.416488219e-12  
1.475517194e-08  
-1.700961759e-08  
0.0002550930186  
-0.0001923628932  
0.0001330176022  
0.0003519821432  
-0.0001863720827  
-0.0001662258475  
-0.0001896583608  
0.0002615793109  
8.605169049e-05  
-1.447957861e-05  
-2.547406564e-05  
-0.0002595282397  
0.0003425800331  
-0.0006346918087  
0.000279270211  
0.0001139271897  
0.0003299056612  
0.0002788671227  
0.0001821125456  
0.0001035546125  
-0.0004348863896  
0.0002504047409  
-0.0002837513463  
-0.0003028240579  
-0.000129510626  
0.0003104007348  
0.000330835663  
-0.0001814107458  
0.000241834086  
0.0007035584412  
-0.0001454000541  
0.0009703418506  
0.0003377932328  
-3.859100222e-05  
-4.100973248e-05  
-0.000139788091  
0.0009224299187  
0.0001233890673  
7.763871808e-05  
0.0003999051086  
0.0004337642744  
0.0002102283168  
0.0006154246562  
0.0006940473544  
-0.0001360575934  
0.0005058944548  
-0.0003228556565  
0.0001080251295  
-0.0007536022474  
0.002413267885  
0.002066591823  
0.0001136052207  
0.0007444372612  
-0.001486238957  
0.002359410607  
0.0009860446322  
0.002977303401  
0.001233551519  
-0.001388049115  
-0.005692405436  
0.05604091975  
-0.02211450703  
0.004446792956  
-0.06119003285  
0.02108393637  
0.05690730068  
0.05795980267  
0.02118901129  
0.06895042136  
0.05556682053  
-0.02450016772  
-3.007214478e-05  
0.008123479007  
0.01303157217  
0.03378704442  
-0.01667393717  
-0.03335315877  
0.00506275843  
-0.01032446957  
0.02963249861  
-0.05672628405  
0.03183006902  
0.04287825865  
0.2245850746  
0.07166658921  
0.1263189297  
0.1239235797  
0.8924924907  
2.362385509  
-0.7459942056  
-0.5080020365  
2.622896227  
0.3328245541  
-0.4370090806  
2.088664587  
-0.8667507444  
1.694437309  
0.8448882291  
-0.8209578713  
-0.3634019986  
5.078025975  
1.599910055  
-0.05337920219  
0.01443572709  
0.6872573183  
-0.006377958047  
0.2093270184  
3.872971986  
2.404366965  
-2.513213216  
-0.9016804298  
-0.4390499852  
2.76549683  
1.227716135  
-3.941195982  
0.9955866737  
-2.099056555  
-0.8885407348  
0.09163131045  
2.577875287  
-2.123456741  
1.926058101  
