1.956627626e-13  
-1.935393786e-09  
-3.486361741e-08  
0.0004264663919  
8.486916353e-05  
-0.0001497790282  
-0.0001074555178  
-0.0002621663842  
-0.00014720462  
-0.0005204269486  
6.071848329e-05  
0.0002625842981  
0.0003442413169  
-0.0005914567387  
0.0006829404873  
-1.695842439e-05  
6.849014309e-07  
0.0001545078551  
-3.056181597e-05  
-0.0001864275276  
-0.0002205039721  
7.058328185e-05  
0.0003672235068  
-0.0003905834986  
0.0005348097833  
-7.142608729e-05  
0.0001411723578  
-0.0001928917664  
-0.0002334135782  
-0.0001780368383  
-0.0001173288924  
0.0001508339582  
-0.0002738827139  
-0.001211298157  
-0.0004181724364  
-0.0007684114275  
-0.001057532303  
-1.725924776e-06  
0.0007210233222  
5.602236397e-05  
-0.0003674413569  
-0.0003414337147  
0.0005948353785  
0.0004306862782  
0.0004549669043  
-2.126205725e-05  
-0.0008468335531  
-5.04771813e-05  
0.00113007685  
-0.000858841978  
-0.001673962029  
0.0007659982608  
-0.0008439104699  
0.005030099901  
0.002986537883  
-0.002062501362  
-0.002671392347  
0.002271488206  
0.006132664312  
-0.008909279408  
-0.002320402159  
0.001278929656  
-0.0276373982  
-0.05220502197  
0.008026975094  
-0.005981329137  
0.01187285437  
0.008666665703  
-0.01166788254  
0.03173152277  
-0.03377083359  
0.001597572543  
-0.01743246326  
0.07331491479  
-0.04768060874  
-0.01177480361  
-0.06579353105  
0.002247466301  
0.01977255038  
-0.01863791752  
-0.01434427234  
0.002844544059  
-0.1250205157  
-0.02166386745  
-0.03246223498  
0.06663641181  
0.08180170282  
-0.0770093024  
-0.06687393924  
-0.1146901376  
0.0973029544  
1.179000667  
-0.386830561  
1.502953125  
-2.560900872  
0.7270305365  
-0.3129098243  
-3.947671793  
0.3079874063  
3.365731558  
-2.025865187  
0.502271067  
-0.06014636293  
2.879723213  
2.346511833  
0.7307450651  
-0.3400634679  
-3.160817442  
-1.268684071  
-2.158931661  
-0.3368327023  
-2.173383505  
-1.316191442  
2.170224649  
0.4949442103  
0.6229269469  
-1.808356193  
2.966233246  
-0.6884880365  
-1.159350869  
-4.766030873  
-1.192877543  
0.6601676383  
-0.6205313299  
-1.052828255  
