4.245016804e-12  
4.692569639e-08  
-2.85008712e-08  
-0.0003341930018  
0.0002400014718  
-9.560498186e-05  
-0.0002168918901  
-0.0001795611255  
-8.150384028e-05  
-0.0002209473722  
-2.838283109e-05  
-0.0003108825266  
-0.0003868887509  
-0.0002158443484  
0.0004173308083  
-0.0002075837258  
0.0002596246596  
-1.307458964e-05  
-0.0003227248599  
0.0002041425567  
0.0001485596705  
-0.0002286463873  
-8.175332122e-05  
0.0004869526688  
-6.200137685e-05  
-0.0004999789807  
0.0004035524562  
0.0004704005121  
-0.0001551825987  
7.292682008e-05  
-0.0002010485451  
-0.0004354465983  
-0.000731843313  
-0.0002142707762  
-0.0006539062979  
-0.0009505739245  
-0.0002087807213  
0.0006295517888  
0.001071157057  
-0.0007563981309  
-0.001156235146  
-0.0002336363711  
-0.0009605420471  
0.0003691215201  
-5.97528564e-05  
-0.000669734461  
-0.0002026272371  
0.0005380909016  
-1.980452571e-05  
-0.0001243816023  
0.0001964461425  
-0.0006881433562  
0.0005324306649  
-0.002486426183  
-0.00242541052  
-0.001192467676  
-0.004703869667  
0.0003602168406  
-0.005228961871  
0.001674459757  
-0.006595531081  
-0.007773302266  
0.01205224676  
0.005003795076  
-0.02819486083  
0.03055008001  
0.03790016063  
-0.01487491967  
0.0182277256  
0.002640893746  
-0.06143158915  
-0.004431184553  
0.02718254223  
-0.0450557541  
0.03380490585  
-0.01899105573  
0.02303359642  
-0.05067698284  
-0.008768233927  
0.0264535293  
0.01628055988  
-0.04947280852  
0.004893439823  
-0.08462407373  
-0.03393199878  
-0.08146627337  
-0.08078247506  
-0.1693036004  
0.08790069121  
-0.1279507128  
0.5945471355  
-0.8932032889  
-1.563776446  
-1.800399681  
-0.1104610034  
0.7691746201  
1.606260241  
1.695384403  
-1.500008595  
0.2755676978  
-1.791858277  
-0.7152042157  
2.919994218  
-2.622040849  
-0.6957996628  
-3.36898376  
-5.320793747  
-2.457309948  
0.3613363061  
-0.8631137517  
-0.8340042976  
1.938655158  
-3.062470203  
2.085782396  
0.9382754237  
2.65756168  
0.5768511843  
0.3624696634  
1.012703898  
0.1351419111  
-2.674224731  
-0.7047605351  
1.96694121  
-1.655636103  
1.325841675  
