1.708858004e-12  
2.226646048e-08  
1.641727117e-08  
0.0001200519482  
0.0002788374454  
2.753609256e-05  
-0.0004224507745  
0.0005331971627  
0.000606382783  
4.181905772e-05  
-7.162307154e-05  
-0.0001244486615  
-0.0001743356714  
-0.0003130413529  
0.0001091285091  
-9.738899912e-06  
-0.0008377288725  
-0.0005075174399  
0.0003018485648  
0.0009164989644  
-0.0004352112259  
-0.000163945683  
1.163457304e-05  
0.0002511687328  
-8.793746064e-05  
-0.0008497315177  
-0.0004218008573  
0.0003844824498  
0.0004228772058  
-0.0002177647094  
0.000864341652  
0.0002646566163  
-0.0003430451412  
0.000321271632  
-2.87501763e-06  
-0.0003009757742  
-0.0002868404304  
0.001076740857  
-4.42999603e-05  
-0.0001013524076  
-0.0005224053687  
0.001004830645  
-0.0001725476536  
0.0008007625953  
0.001885788419  
0.0006550990339  
-0.00106519913  
0.001469969284  
-0.0006152687608  
-0.0001746368302  
-0.0003918200326  
-0.00396452213  
-0.0004426449104  
0.001078592645  
0.001597558962  
-0.004048834448  
-0.002013064433  
0.00165029669  
-0.0008953256216  
0.01263299021  
-0.0032262272  
-0.013577021  
0.03130306397  
0.01866240266  
-0.002551227173  
-0.01459415666  
0.01764184881  
0.009635387078  
0.01851593799  
-0.01115180106  
0.0174968879  
0.0001182129126  
0.002036056677  
-0.06496333154  
0.0114052041  
0.06455632936  
0.06832190273  
-0.05251850456  
0.01844135875  
-0.0982881037  
0.01246010737  
0.06676458211  
-0.06132395486  
-0.08566032778  
-0.08034708775  
0.17363082  
-0.1221050429  
-0.2556487169  
0.3002529242  
-0.2753727115  
0.4706999199  
-0.07298710059  
-4.69975263  
3.0998408  
2.81913006  
-1.892662865  
0.1578449633  
-2.081577783  
-0.7910170549  
-1.382691057  
0.3000006301  
0.9623590169  
-2.214634732  
-2.188737661  
-0.6109131228  
-0.3643544955  
2.016879415  
0.7189375251  
-1.487695197  
-1.942067018  
-0.6169966114  
2.238190442  
-3.197118769  
1.02798074  
1.970247646  
-1.427600932  
-2.052606104  
-2.598515846  
-1.047532216  
0.8749156259  
-2.812015839  
-0.7094566055  
-0.2953356279  
-2.548954605  
-2.313964179  
