1.842721827e-12  
2.47358323e-08  
2.374147252e-08  
-6.190143383e-05  
0.0002144499159  
-0.0003952101003  
-0.0003721913926  
0.0002401263019  
-0.0003445491767  
0.0004239072379  
-0.0001242816426  
0.0001932543191  
-0.0001394525836  
0.0006425282677  
0.0006554894093  
-9.997298337e-05  
-0.0001910221325  
-0.0006270472964  
0.0003361665852  
-2.338943348e-05  
-0.0001168179631  
-0.0002311587797  
-0.0005638101972  
0.0007541557204  
-0.0001086241925  
8.740888169e-05  
0.0006464713977  
0.0002011087234  
-0.0004107652774  
0.001057171264  
-0.0003412709686  
-0.001016688069  
-0.0004128986553  
0.0003386354415  
-0.001459882006  
0.0005416583204  
-0.0001449001465  
-0.0004828582792  
0.0002737703715  
-0.0002306498937  
-0.0004690271459  
-0.001239885315  
6.184795991e-05  
0.0007549437682  
0.001250857632  
0.0005519672612  
-7.977313074e-05  
-0.000311673169  
0.001313026251  
0.000839178388  
5.763671053e-05  
-0.002645623905  
0.002334494927  
-0.001056416746  
-0.0009731057473  
-0.001079745629  
-0.001145137792  
-0.002356634489  
-0.002698179845  
0.004208309915  
0.004067476478  
-0.001773897378  
0.019333603  
-0.0286845756  
-0.02176866676  
0.07290940977  
0.01951755083  
0.006151209287  
0.0758404627  
-0.02547868383  
0.001265120588  
0.005067077846  
0.001963679516  
-0.07620820935  
0.02563645417  
-0.04379618669  
-0.06267552721  
-0.05004542866  
0.02226987065  
0.0687798651  
0.04199896001  
-0.01508337629  
0.09183679626  
-0.2678630821  
-0.103380593  
0.1321480721  
0.07874758959  
-0.08918238609  
0.6435966482  
-0.139251655  
3.827591219  
1.203037195  
-2.063139025  
-1.054036855  
-0.03344299333  
2.29874109  
-1.454148116  
0.8634040954  
1.995215394  
0.8440617366  
-1.240703965  
3.342495827  
3.613351041  
-0.7137265363  
-1.957034277  
2.754538556  
0.8398675914  
1.046084772  
-4.076200959  
0.1003214712  
-2.002473692  
0.8837806288  
2.438797743  
-0.7742057518  
-2.029735401  
1.933528531  
-0.5699759032  
-1.867075729  
-2.21396825  
-0.5837109615  
-0.458583049  
0.3836240103  
0.2776420076  
-0.3966691787  
-2.058971886  
