-7.621125871e-13  
-1.962967037e-09  
5.815226637e-08  
-1.556722607e-05  
-0.0004225003539  
-0.0002675579889  
0.0002892845963  
-7.971942657e-05  
-0.0001398848371  
0.0004416845437  
-9.655759912e-05  
0.0002140726507  
0.0002302743168  
-1.917284456e-05  
-0.000302358415  
-0.0002934750469  
-1.154243004e-05  
-0.0001030605847  
-0.0004047937425  
-0.0001179527379  
-4.85621407e-05  
-6.89263404e-05  
0.000333373541  
-0.000199708847  
0.0001007728558  
-0.0007605450077  
0.0001403887315  
-0.0004485531721  
-3.321234992e-05  
-0.0007808700225  
-3.148795243e-05  
0.0007659155138  
-0.0003847199511  
-0.0009143009586  
-7.639127186e-05  
0.0006763585322  
0.0001073365048  
0.0005263392669  
-0.0001365105784  
0.0002734872007  
0.0003510378757  
0.000309854922  
0.001061915861  
0.0003765870489  
-0.0005034751809  
0.000536454826  
0.0003084193332  
-0.001275128185  
-0.0003032345114  
-0.001650210119  
0.0009098731506  
0.003089002892  
0.002245156819  
0.002061781958  
0.003521176754  
0.0009989233618  
0.003681265566  
-0.001733504073  
0.003700075122  
0.003178769297  
0.003814697748  
-0.001190333214  
-0.03547711535  
0.0003693393842  
-0.007916153419  
-0.02140546985  
-0.07179703447  
0.01363089661  
0.0214271209  
-0.01824377542  
-0.02408639885  
0.01964087638  
0.1024586458  
0.0513585557  
0.02040739236  
0.008298637008  
0.03759353131  
0.09383170225  
-0.09552817008  
0.01021059659  
-0.1061481739  
0.02164269937  
0.008967115803  
0.1990095644  
0.0563762092  
-0.1025066161  
0.04968453064  
0.02735469721  
-0.4455255667  
0.157417443  
-1.818632653  
0.3178705554  
0.5599504628  
-2.644533225  
0.2052836461  
2.035667317  
2.143033253  
1.679503257  
-0.6723065055  
1.315503552  
-5.290435504  
-1.576735022  
-2.715995838  
-3.12771833  
1.820118922  
4.307983953  
2.697202723  
0.431766349  
0.2104804592  
-0.3967030708  
0.5237319642  
1.424909809  
-0.5517493038  
-0.3750574584  
0.1522332849  
-0.6377291117  
-0.8396376476  
-1.54794794  
0.1790642231  
0.7525967596  
-2.729995869  
0.7128083709  
0.8231068776  
-2.387949732  
0.9554490369  
