-1.34811581e-12  
-1.581437637e-08  
1.734808521e-09  
-0.000128735771  
0.0002924662227  
-0.000334273206  
-0.0001423222016  
0.0006317255014  
-0.000125272924  
-1.172678026e-05  
0.0002374335308  
0.0003736369831  
-0.0003393482854  
0.0003299822791  
0.0002014739027  
3.726522233e-05  
0.0003119625772  
-0.0005708500474  
-1.902702695e-05  
-0.0001148764773  
0.000178675937  
-0.0002061801339  
-1.885028403e-05  
0.0009965052726  
-0.0008294924377  
0.0003153247145  
0.000163535591  
0.0002317893164  
-0.0004116520569  
-0.0001016579736  
-0.0001738109674  
-0.000182850832  
0.000339537437  
0.0002460658364  
-0.00202374113  
0.0009626109529  
-0.0007460604223  
-0.0005331794943  
-0.0001692520275  
6.944029278e-05  
0.0005592575906  
0.0002654189963  
-0.001176117592  
-0.0002903565287  
0.0004175013719  
0.001034920472  
0.0009269629982  
-0.001091500918  
-0.0009445322308  
0.0001739805857  
0.0005707905149  
0.001001971447  
2.638225804e-05  
-0.002908786174  
0.0004220897198  
-0.002003832665  
-0.0004305817686  
-0.003542373593  
-0.002388614199  
-0.002983395618  
-0.0001861937906  
0.006042799044  
-0.007421373094  
0.01346806254  
-0.03556884295  
-0.07233786787  
0.04013159877  
-0.06912966555  
0.0511203455  
-0.01832384454  
0.01627947687  
0.04578453846  
0.01103205319  
-0.007126536835  
0.04561958005  
0.05548962913  
-0.003687894173  
0.099814605  
-0.1736737036  
-0.07028625828  
0.07312400801  
0.0687045667  
0.04735782901  
0.2030746605  
0.1127499038  
-0.03067659189  
-0.07243045212  
-0.07125709877  
-0.2833654408  
-0.1099079718  
-2.058609724  
0.7184897472  
-2.156862118  
2.366065442  
0.2407016585  
-1.186243194  
3.486186623  
-0.8215064926  
1.001313721  
-2.138412483  
-0.2166866665  
-3.759144761  
5.298264849  
0.903723427  
1.442149383  
2.726916138  
-0.4746997549  
0.02423688111  
-0.8567597741  
3.48670911  
-0.6093406378  
-1.867823337  
0.6669037116  
-0.7020709469  
-0.8651517157  
-0.7515631785  
0.5856829896  
-2.046315418  
1.474211193  
-0.7042572579  
-1.659139888  
1.247935843  
0.3671223805  
-2.314989968  
0.28515748  
