-2.833467745e-12  
-3.553939308e-08  
-1.548166061e-08  
-1.172245807e-06  
-4.082013202e-05  
9.822656342e-05  
-0.000421407648  
-0.0003260679923  
1.931506576e-06  
-0.0002244494661  
0.0002119203526  
-0.0004515399343  
-8.248555877e-05  
-0.0002550400923  
-0.0004104249302  
-6.997970847e-05  
-9.117325823e-05  
-0.0001229916834  
-0.0002981008477  
0.0006829977864  
-0.0003121261051  
-0.0001248865132  
0.0001206578966  
0.0007759871652  
0.0007623550905  
-0.0001083391288  
0.0006468375061  
2.752785871e-05  
0.0002920008975  
-3.050783408e-06  
0.0003538960263  
-0.0002452598366  
0.000126463861  
-0.0003050573411  
-0.0001847496759  
-0.0009301787064  
0.0003282600397  
0.0005929938153  
0.00121673617  
0.0004383843608  
0.0004205341307  
-0.0002884473234  
0.0008861111884  
0.00140279249  
0.0005843249533  
-0.0001792437231  
-0.001374942268  
0.0006787193351  
0.001689953145  
2.084507683e-05  
0.0002084999487  
0.0008928055656  
-0.0008244297383  
0.00169724759  
0.001240775169  
-0.00280705548  
-0.005663812071  
0.002458713841  
0.003792188566  
-0.003454103047  
0.000397793857  
-0.001223103041  
0.004859230951  
0.03055970936  
-0.008890890199  
-0.05042581352  
-0.007022436938  
0.02068279525  
-0.05080111326  
-0.08607835794  
0.05180298921  
-0.0883497394  
0.02280044415  
0.008550745931  
0.005109061825  
-0.00667421977  
-0.009247921299  
-0.1046950712  
0.07462688959  
-0.1318534536  
-0.1078858888  
-0.1703307202  
-0.08462191272  
-0.0415542321  
-0.002341712688  
-0.339316757  
-0.2642331876  
-0.09389693187  
-0.2370438685  
-0.3274658674  
-0.9498840156  
-3.121615965  
-2.66958955  
-2.085744416  
-2.421079578  
-1.358553177  
1.554387274  
2.313058266  
-4.329538736  
-1.676533653  
0.4465575206  
1.148658551  
-1.425527635  
3.98735011  
-1.899420679  
1.239286738  
0.7901186715  
0.0523890712  
-1.983051008  
-1.955893087  
-1.58286119  
-2.943745246  
1.040887772  
-0.3928404902  
-1.285268779  
0.3349189704  
0.364481012  
0.1719265088  
-0.04438722764  
0.923041602  
-1.581695853  
-0.2680504886  
3.567482259  
-1.642451414  
-1.319371672  
