-1.047814466e-13  
-6.905627054e-09  
-4.625893409e-08  
-7.040782093e-05  
0.0001553923888  
0.0002146442799  
-0.0001835545683  
0.0004186154339  
0.0001255725084  
-7.964150825e-05  
-0.0003408973139  
0.0001043805806  
0.0003748014994  
-0.0001268565078  
-6.377044043e-05  
0.0002763828467  
2.717800019e-05  
0.0001249474381  
0.0001147283085  
3.720244279e-05  
-0.0006612535022  
0.0003124413865  
0.0001184541754  
-0.0001585577816  
0.0002062213743  
-0.0001422088174  
-0.0002882200922  
0.0008709630654  
6.839483982e-05  
-0.0005283443621  
0.001051379742  
-0.000120403928  
-0.0002414913855  
-9.686755526e-06  
-0.0004575890834  
-0.001281330352  
-0.0001837059853  
0.0008183198601  
0.0004860630259  
0.0003369311903  
-0.000701780501  
0.0004949202013  
-6.838450142e-05  
0.0002141200882  
0.0004691539419  
-0.0003641748797  
-0.0002587716215  
0.0003105217409  
-0.0007900949063  
0.0006694722594  
-0.001590327675  
-0.001829500803  
-0.001899454765  
-0.0003757693695  
-0.0009573656123  
-0.001756480066  
-0.001080281213  
0.00203322751  
-0.003139180142  
-0.009009549637  
0.01283657666  
-0.003934927985  
0.01214105656  
0.01176752589  
-0.01047773705  
0.03837505369  
0.03784509374  
-0.03469593709  
0.1039870262  
-0.08877382378  
0.008864905284  
0.02436328896  
0.0591945943  
-0.02460838583  
0.058102371  
-0.005082265946  
-0.03841835434  
-0.1360928699  
0.00838975199  
-0.06000024788  
-0.02116112802  
-0.1730813545  
-0.04167351487  
-0.1949010857  
-0.03297429131  
0.1139757458  
-0.01304017182  
-0.1992917783  
0.506240827  
-0.153362155  
2.275701434  
-1.404683541  
0.4204052065  
-4.929945443  
3.235036686  
-0.3977698467  
1.386751779  
-4.034385879  
2.476934075  
-2.604602058  
1.441498966  
-1.610424648  
-2.631768929  
-0.07606257434  
2.25778145  
0.5721441874  
-1.686979767  
0.6110461503  
-1.746927704  
-0.05971989019  
-0.8144366451  
-2.599841778  
0.3700464471  
0.9873779759  
-0.6772663952  
2.793099806  
0.6971897328  
-0.07977095691  
0.147293729  
-1.780336241  
-2.020459848  
-0.1588155671  
1.141096204  
0.9186349881  
-0.8576793397  
