-1.91657523e-12  
-2.145901461e-08  
1.091602789e-08  
-0.0001273826377  
8.044968027e-05  
-0.0001940661504  
-0.0001105343842  
0.000295666296  
-0.0002652304103  
0.0002968051237  
-0.0001260606666  
0.0001379766439  
-0.0004423155027  
-0.0005709297032  
2.512913038e-05  
-0.0002723997986  
-0.0002872769778  
-0.0002520740238  
-0.0003382630332  
0.0006646977009  
0.0002312476708  
8.596700501e-05  
0.001003662988  
0.0004577068465  
-0.0003697522023  
-0.000723055064  
0.0007884164155  
-0.0001574994648  
-0.0002390344947  
0.0005307962231  
0.0009782882832  
0.0001233542985  
-0.0003651532335  
-0.0003532228559  
-0.0003450386754  
-0.0002557025571  
-0.0005312470877  
0.0004781464508  
0.0002036845765  
-4.700071075e-06  
-0.0009262441278  
0.0003897193908  
0.001324002424  
0.001405797948  
0.001475323646  
0.0001356839484  
0.0003073992631  
-0.002011498161  
0.0009684117712  
0.0003825316553  
0.001764916139  
-0.0008848345326  
0.002384536687  
2.343901498e-05  
0.0001631071417  
-0.002612493333  
0.002746419697  
0.001672443861  
0.001044746744  
0.001794364134  
0.007030346266  
-0.00724272797  
0.01675921648  
0.01409858164  
0.0576249559  
-0.06826793355  
-0.03587438415  
0.01699743887  
-0.04812579814  
0.002987729671  
0.02257124961  
0.0899673892  
0.07390012782  
0.01967833223  
-0.04732632782  
-0.02348891673  
0.1029346371  
0.1175275807  
-0.0603710534  
0.08377455874  
0.07450200662  
0.1246128155  
0.0307391889  
0.2890595682  
-0.09398721204  
-0.03446782296  
0.1743243015  
0.0001835457775  
-0.3833285533  
0.2533626065  
-1.654529643  
-3.737753971  
4.114673934  
2.536711265  
4.363928185  
3.665729196  
0.4411091134  
-1.05935896  
-1.75209692  
1.972451365  
0.8375520186  
-0.8351310743  
1.140324085  
0.8154768509  
-2.524218142  
0.5836639557  
-1.092904553  
0.3312075549  
-3.849712021  
-1.592624598  
-0.6906618999  
-0.2325278882  
-0.2009176583  
-0.1849609993  
-0.06344474548  
-0.35459243  
-0.6642662776  
-1.272534272  
-0.5705318763  
1.370551673  
-1.066300654  
0.9094040787  
0.6029295893  
-2.360807595  
-1.073340512  
