2.371035027e-12  
2.91812869e-08  
8.165224084e-09  
7.942022365e-06  
-0.0001510020162  
4.222652847e-05  
3.339363158e-05  
0.0001885764556  
-0.0001096423975  
0.0002479073128  
-8.842109169e-05  
0.0003937887704  
0.000374925499  
-0.0001000198585  
-0.0002693613957  
0.0003384736523  
2.699771598e-05  
0.0001091650798  
4.992546176e-05  
-0.0002196021643  
0.0005994516631  
-0.0001223714034  
0.0001645362614  
-0.0005149437314  
-0.0006982440441  
5.461437088e-06  
1.167506827e-05  
0.0002118908327  
-0.0001320921104  
0.0003040953731  
-0.0007183845002  
-1.104831863e-05  
0.0005740635932  
0.0001031135546  
-0.000259156696  
0.0005961031555  
-0.0001951989999  
-0.0002384275768  
-0.0007867711123  
0.0004200988697  
0.0004938623512  
-0.0003339414062  
-0.001171028838  
-0.0005610882267  
0.0002040189311  
-0.0004463361617  
0.0005754539369  
-0.001234828577  
-0.0002234102097  
0.001851636113  
-0.0006102287096  
2.611771762e-05  
-0.001256728409  
-0.004081537813  
-0.003222085197  
-0.002087924286  
0.001009486204  
-0.0006359348724  
0.00250381705  
-0.0005343454957  
-0.001723738111  
-0.0001491340391  
0.01204749192  
0.03458364134  
-0.04006868261  
-0.01746152397  
0.003528929102  
-0.02227857338  
-0.03235751975  
-0.0188638411  
0.02117526267  
0.02098981863  
-0.005716800819  
-0.03792878465  
0.0152171672  
-0.01400716994  
0.006393195032  
0.01486813718  
-0.02767102327  
0.01798405615  
-0.02817665319  
0.0004635094626  
-0.009487727435  
0.04171480426  
0.00341389674  
-0.002175835468  
-0.04078256324  
0.02508451129  
-0.1508042246  
0.05569393046  
-0.604216819  
-0.2855717357  
0.3331473235  
0.183048487  
-0.5701288494  
0.4620957942  
-0.4771268075  
-0.01903707289  
0.5415497314  
-1.493608848  
0.2018471755  
0.1200700812  
0.4820992226  
-0.4289357063  
-0.5383232847  
0.4968124384  
1.342016354  
0.4724482326  
-1.470731665  
0.2041135166  
1.826452128  
1.524308592  
-0.4979989275  
1.964725195  
2.352394221  
-0.08399137078  
3.492453717  
4.719334336  
-0.6898999759  
-4.527224402  
0.4557452104  
1.933290035  
5.495082506  
-1.919289198  
-2.726670873  
