-8.439652641e-13  
-1.168687067e-08  
-1.394931333e-08  
-0.0002779271736  
-0.0003859804968  
1.236652388e-05  
0.0003700091349  
0.0002490354144  
-0.0001710464585  
-9.410637624e-05  
0.0001165597434  
-0.0002478513465  
-0.0002565369241  
0.0002054672253  
0.0002457589858  
-0.0002243149834  
6.784427121e-05  
0.0005129006353  
0.0003972809725  
-0.0003981531455  
-0.0004708531563  
0.0002464759287  
-0.000362332053  
-0.0003890963003  
9.168784567e-06  
0.0006926183235  
0.0001282508159  
0.0001565585477  
-0.0005366456807  
-8.083295691e-05  
-0.0005330080207  
8.08795471e-06  
-0.0001390934199  
0.0002032888514  
-0.0002408223037  
-0.0003509952555  
0.0001816172088  
-0.0001487400558  
-0.001259011112  
-4.796571701e-05  
0.0008482630519  
0.000450089879  
-3.609825449e-05  
-0.001447403137  
0.002585209713  
-0.001726473238  
0.001851262551  
-0.002381741473  
0.003107018179  
0.002410814384  
0.002542885306  
0.0008308237065  
-0.002053471248  
0.003952625954  
0.003487825642  
-0.006923386916  
-0.001170633606  
-0.006931756726  
0.003022148704  
-0.003138843599  
0.002397783569  
0.01225411183  
-0.01702185478  
-0.01834822422  
0.01037435758  
0.04196854963  
0.003517317621  
0.001153553294  
0.006472510461  
-0.002209362079  
-0.003424678126  
-0.01540350369  
-0.00442996036  
0.01146196388  
0.02049365231  
0.01416494595  
0.0212015178  
-0.002192384617  
0.03105733395  
0.01726426008  
0.01202566964  
0.00816490085  
0.05511947386  
-0.03731718988  
-0.01324341842  
0.01090398339  
0.04322126831  
-0.01111526266  
0.07724395619  
0.01975045612  
0.4079334222  
-0.2393540984  
-0.1799740374  
0.09197308591  
0.4739430873  
0.1347291431  
0.5871226  
0.1672241368  
-0.5575135223  
1.026594763  
1.156658132  
0.2369836469  
-1.323475123  
0.1369466067  
-1.566358235  
0.9844382352  
-0.574499801  
-0.4583865734  
1.856581747  
4.005678249  
-0.5907266465  
0.6238021998  
0.7675807093  
-0.4901967649  
0.4785176491  
0.9488293801  
-0.8160221164  
2.88421872  
-3.707410331  
-1.797966684  
-4.00351047  
-2.694801679  
-2.493279709  
-5.921243882  
-1.738232858  
