-1.542560621e-12  
-1.787659368e-08  
3.753600164e-09  
0.0003023292488  
-1.875989882e-05  
-7.518415498e-05  
1.494135559e-05  
-0.0002165564075  
-0.0001434663979  
-5.599631103e-05  
-0.0004582952577  
0.0004141196636  
0.0003030339902  
0.0004031072592  
0.0001909092322  
0.0001553099566  
-2.841801773e-05  
-4.608742247e-05  
-9.944683142e-06  
0.0003770366174  
3.934985008e-05  
0.0001189256164  
-0.0003201514347  
-0.0002089477235  
0.0009070811183  
0.0008112968225  
-0.0005557372551  
0.0002369674092  
-0.0003008141538  
0.0001126391281  
-0.0003691978707  
-0.00051684847  
0.0004975446349  
-0.000573504888  
-0.000448324691  
-0.0006658942492  
-0.0005255524292  
0.0001056502024  
-0.0006566434289  
-0.0001019814164  
0.000110088373  
0.0002033321076  
-0.001129400782  
-0.000873592519  
0.0005695180229  
0.0009640416677  
-1.799246331e-05  
0.001426266371  
0.001231360923  
0.002545248453  
0.0002063374106  
-0.0002176000788  
0.001449578268  
-0.001220109104  
-0.003378186206  
0.0009816400484  
0.001422315262  
-0.0003848811702  
0.001680907852  
-0.00600364106  
0.002100534993  
-0.004086215238  
0.004622210719  
-0.02585392555  
-0.004602271237  
0.02424636852  
0.003491503052  
0.01106236586  
-0.02194597417  
-0.0345776161  
-0.01797128083  
-0.04920604307  
0.01732509414  
0.03567617903  
0.01240675713  
-0.03144864673  
-0.01622638705  
-0.02241476018  
0.01331766724  
-0.02417335158  
-0.03854369552  
-0.0450469374  
-0.01835389717  
-0.03967441709  
-0.0009612660185  
-0.06663558048  
-0.0447646711  
-0.005160243403  
-0.04835966852  
-0.05379757613  
-0.01988154912  
-0.7157368831  
0.815492778  
-0.1795550872  
-1.183144196  
0.3008917841  
0.2671465429  
-0.947604008  
-0.5648814399  
-1.183102632  
-1.227901209  
0.2954764496  
0.3311979685  
0.2200946992  
0.04595542146  
-0.8133573744  
-0.3732889589  
-0.0567007376  
0.453704177  
-0.3645494256  
0.05741953836  
-0.2352576245  
-0.9069953161  
-0.9160689005  
0.3533751515  
-1.143542628  
-1.514351697  
-5.340831544  
-4.955895921  
-6.934659825  
2.872990239  
-1.305876329  
-0.7940040277  
-1.307048973  
1.473087397  
