2.10497555e-12  
1.88663748e-08  
-5.034401279e-08  
-0.0001437019969  
-0.0002637127785  
-0.0003558825075  
-0.0002264565071  
0.0002806623375  
1.592258144e-05  
0.0003712753172  
-0.0002872278689  
0.0002355044583  
0.0002040683873  
-0.0006873782799  
0.0001637898585  
0.0009733073525  
-0.0003656929058  
0.0005239757553  
-1.927542992e-05  
-0.0002009168063  
8.013892745e-05  
0.0005026959611  
0.0009024416344  
-0.0005375893541  
0.0003085687223  
8.094927482e-05  
-0.0003255378147  
0.0006106065392  
5.531821548e-05  
-0.000286226963  
-5.472154819e-05  
0.0005057653033  
0.0006415106691  
0.000406486352  
-0.0003820483703  
0.0004120293808  
-0.0005134325376  
0.0001313366511  
0.0002443484985  
0.001733141117  
-0.0004707890288  
0.0002663396819  
0.0006268920736  
0.001297979711  
0.0008441655867  
0.0009631134085  
0.002354369438  
-0.001398251313  
-0.001413694643  
0.00173465475  
0.0006668555047  
-0.001074947501  
0.004336962267  
-0.001019542599  
0.003105005672  
0.0003899432638  
0.00702911555  
0.002208367267  
0.004553444797  
0.01802115471  
0.004729901898  
-0.007828347851  
-0.01996035049  
0.005714855021  
0.01441425958  
-0.02281736448  
-0.02511413131  
-0.01033044508  
-0.02468166924  
-0.004535622138  
-0.01523823889  
0.01249088752  
-0.01085176167  
0.03261795898  
0.02485396321  
0.001026217254  
0.01083569167  
0.00969667609  
-0.03876795403  
-0.01971930556  
-0.05517336082  
0.03176330408  
0.03535253897  
0.0468268003  
0.04850377546  
0.00353056787  
0.03412063269  
0.01878154455  
-0.1977491236  
0.07329897212  
-1.038146175  
0.194874741  
-0.1396340959  
0.4324551084  
0.01649439192  
-0.01118017827  
-0.3160731836  
0.1763619149  
1.202113312  
0.8080449663  
-0.3630622259  
-0.7546434641  
-0.8116497474  
0.458174564  
-1.63129504  
-1.241165522  
0.3611692382  
0.8074399363  
1.489948228  
1.068351372  
-1.233451161  
0.18623455  
3.09793047  
4.237731409  
0.08505843062  
0.9071488052  
-1.226135775  
-4.235398853  
-0.7965228425  
-0.08194314317  
-2.583319745  
-0.2863634975  
6.088593177  
4.077856442  
-0.7281125704  
