-2.287547999e-12  
-2.914425913e-08  
-1.634807993e-08  
-2.952161654e-06  
9.466662846e-07  
-1.926377953e-05  
-6.361545301e-05  
-0.000173907109  
-0.0005872240169  
0.0001882952866  
-7.991765703e-05  
0.0005546283889  
1.39432728e-05  
0.0001569303394  
-0.0001155133817  
-6.136090471e-05  
-0.0004033688156  
0.0001279512021  
-4.573193666e-05  
3.970460588e-05  
-2.727899812e-05  
0.0001104860017  
0.0002848253221  
-0.0008277824481  
-0.0002754445263  
-3.402177762e-05  
-0.0003561196755  
0.0003698397883  
0.0001746450444  
-9.008299394e-05  
-0.0003839329845  
0.000734351302  
0.0007173243006  
-0.0008499777053  
0.000256567964  
-0.0005714520602  
-0.0001156811722  
-0.0002061438405  
-8.363022e-05  
0.001153660887  
0.0008434947332  
0.0004724446777  
-0.0001241835657  
-0.001589327042  
0.001340234257  
-0.000491372395  
0.0009036682567  
-0.0006283609581  
-0.0007980584249  
0.001854252151  
0.002026205207  
-0.0007719640142  
-0.0008855812838  
0.001933656209  
0.003731982076  
0.0005317645154  
-0.0003240421554  
-0.00451466622  
-0.0002075449512  
-0.001160630322  
-0.003167902719  
0.001395964495  
0.01119029454  
0.01992328625  
-0.007747061564  
-0.001650950838  
-0.01692793644  
-0.01423269476  
0.007653217099  
0.001504007227  
0.01072224661  
0.0395099025  
-0.001993443226  
-0.004750279378  
0.002312935933  
-0.01612584766  
0.004262332451  
0.00184342278  
-0.002420818015  
-0.00174176134  
-0.0160604183  
0.007835195067  
0.02630368678  
-0.001911109474  
-0.001670451046  
0.00402003356  
0.01229402033  
0.02530950846  
-0.02426854874  
-0.0005904867148  
-0.06170844803  
0.04867815343  
-0.4116770954  
-0.2445483465  
0.4609267226  
0.3249909172  
-0.07314862394  
1.13466525  
0.2225138939  
0.07236071903  
0.02197295  
-0.2138504401  
0.6584523228  
-0.7362050574  
-0.7347715587  
-0.09118875543  
0.9074950861  
0.8510628334  
-0.1925898641  
0.4064100343  
2.887146885  
-3.914499334  
-1.012342677  
2.461977508  
1.043934321  
2.344378374  
-6.80215969  
1.401847971  
1.237173775  
-0.1594925964  
4.051027455  
-0.5731745843  
-0.7642692346  
-2.999122035  
-2.310253992  
