2.131676959e-13  
4.410704692e-09  
1.521243909e-08  
-2.306552993e-05  
-0.0001966117027  
-3.1434604e-05  
1.515235511e-05  
-0.0001470515498  
5.443962285e-05  
1.970310454e-05  
0.0001839287732  
0.0001798019653  
0.0002187421122  
-0.0001669155798  
7.072641272e-05  
0.0001289435668  
-3.773861804e-06  
0.0003919874752  
-1.474309181e-05  
-5.020836586e-05  
0.0001591719422  
0.0001659629204  
-0.0002502774944  
-0.0001598462765  
-7.133889898e-05  
0.0003004635395  
0.0001637581629  
0.0003415376119  
-0.0003793656413  
0.0002496554704  
-0.0003417649249  
0.0003898312524  
0.0002077797056  
0.0002128252067  
-6.968980877e-06  
0.0001851827558  
0.0001221653567  
-0.0004908229288  
4.58844934e-05  
-0.0002303026634  
0.0004843025389  
-0.0004217312335  
0.0003259228297  
-0.0004975374344  
0.001356985193  
-0.0004592442017  
0.001507816793  
-0.0002014907718  
-8.48089556e-05  
0.001660301115  
-0.0009142965666  
0.001684052722  
0.0001565658871  
-0.001459458899  
0.002347993641  
-0.0005715839258  
0.001156885908  
-6.57971243e-05  
0.001002721499  
0.001994551663  
-0.001159298662  
0.001484984553  
-0.01072487801  
-0.01095641972  
-0.006949992067  
-0.0002675908349  
-0.00596367963  
0.009202756607  
0.0004876901094  
-0.002654963489  
-0.02003790692  
-0.006554030892  
0.006146609371  
0.006654160425  
-0.001469520949  
0.01196524723  
-0.0005778612309  
-0.002175718662  
-0.01157345915  
-0.007963228958  
0.01181355259  
0.00752425704  
-0.01144465828  
-0.01026041285  
0.01394657046  
0.0143041704  
0.00928763219  
-0.006396272925  
0.01642378722  
-0.0002126707504  
0.1177422051  
0.1069303585  
-0.001067385613  
0.1808341477  
0.07599667953  
-0.01161292492  
0.460208362  
-0.3077314121  
-0.0352311128  
0.01692833828  
-0.1812093945  
0.1874732918  
-0.1192562931  
0.03013537949  
0.2519791747  
0.05363153845  
-0.5381912154  
-0.4063332154  
0.6408580616  
-0.4689960157  
0.2210755476  
0.39672365  
0.8558225038  
-0.7831911958  
-0.04457424444  
0.1801202586  
-0.1433628408  
-0.3037099807  
0.2141050997  
0.4630878127  
1.34468143  
0.1494656766  
1.267392823  
-1.195171832  
-10.77451958  
