1.137178989e-12  
1.12171697e-08  
-1.877962655e-08  
7.2393097e-05  
0.0001072033903  
-0.0003376852918  
-4.153654392e-05  
-7.602320874e-05  
0.0003124555028  
3.715596595e-05  
0.0002593132602  
-0.0002094752875  
-0.0002740216924  
-0.0004368583777  
0.0003323462934  
0.0001242528985  
-0.0002765109807  
-0.0002232777683  
-0.0003614604092  
-8.659462499e-05  
5.843257279e-05  
-0.0001175924903  
9.018862222e-06  
-0.0003414784849  
0.0003937822602  
-0.000187298066  
-0.0002724162396  
0.0006247495838  
0.0007564485336  
-0.0001350808824  
-0.0006169034121  
0.0005420078482  
0.000518183213  
-0.0002163233136  
0.0001000785634  
0.0004637983179  
-0.0002239784629  
-0.0001255580823  
-0.0008308389092  
-0.001265985565  
3.466089381e-06  
0.001043030628  
-0.0001696870116  
-0.001096836443  
2.587729058e-05  
0.003843870074  
0.001076755311  
0.001826622887  
-0.001034771263  
0.001370118127  
-0.0001051280925  
-0.001581114588  
-0.0008974996256  
-0.0005261883777  
0.0004502998877  
0.0003004197436  
0.0005787251535  
-0.0003946225553  
-0.00039992228  
0.001282750124  
-0.0002261940754  
0.00737131606  
0.008265672132  
-0.02122521441  
0.01626431023  
0.01956097114  
0.01893126445  
0.01219814923  
0.0424526101  
-0.008194511459  
-0.01279981858  
-0.005902263862  
0.001228406355  
0.003923900694  
-0.02338546552  
0.005249672325  
-0.03000096216  
0.01093757971  
0.01418501432  
-0.01400272109  
-0.003404481621  
0.001418776127  
-0.01491137069  
-0.05668484943  
-0.002182638527  
0.05555616516  
0.0365198018  
0.03707544837  
0.04597813808  
0.03630923854  
0.2731298334  
0.007015496562  
0.02712191663  
-0.4192126835  
-0.1864613631  
0.06485057125  
0.4217998201  
-0.758138735  
0.8303437603  
1.238827291  
0.04529255577  
0.2379544052  
-1.051126382  
0.1776071442  
-1.614344925  
0.2317860729  
0.6185535507  
-1.439391331  
-0.09993708453  
3.302071183  
-2.414997477  
-0.4062338533  
-5.191858724  
-0.7474078611  
-2.858577239  
-1.368929074  
-0.4279805369  
0.1017303089  
0.6619371572  
0.9358338839  
4.484141186  
1.583898199  
5.923159841  
0.7782140769  
-0.4252276721  
