1.059959376e-12  
1.1734854e-08  
-6.844624042e-09  
-0.0002336644824  
-0.0002335687236  
-0.00015810555  
-0.0002716756479  
-8.369156155e-05  
-1.08939955e-05  
7.08493304e-05  
0.0002360637085  
0.0001557406895  
-0.0002303894986  
0.0002469243623  
0.0001743272133  
-0.0003322648762  
-0.0002216757312  
-0.0002952712428  
-0.0001081442322  
0.0002499438645  
-0.0001024583068  
-0.000685340414  
-0.000255294726  
0.0009188594501  
0.0004843693297  
0.0001484374424  
0.0009093019001  
0.000116354531  
9.512069831e-05  
-0.0002680959214  
-1.942127367e-05  
-0.0006437335025  
-0.0003916713119  
0.00016959108  
-0.0001053638457  
0.0005771784257  
-0.000311069241  
0.0006861947583  
-1.740278794e-05  
0.0002375947785  
-0.0002638135122  
-0.0007440277664  
0.001277148439  
0.001246080957  
-0.0003045054448  
0.002076840191  
0.000974127996  
0.000494457946  
-0.0004162548176  
0.001248977268  
-0.001397087013  
-0.0007807351554  
0.002701430609  
-0.0005688527446  
0.0004723646342  
-0.0004602260817  
-0.0008500165196  
-0.001136744181  
-0.002470510209  
-0.004002517486  
-0.002183539839  
-0.002166962475  
-0.0176668401  
0.05120156102  
0.01273048324  
0.014961926  
0.006741498398  
-0.009532256911  
0.008953648818  
0.03372669339  
-0.01098143084  
0.01813938037  
-0.01888941873  
-0.001008794459  
0.0110707883  
0.03270446257  
0.007218758745  
0.02974948764  
0.02100769839  
0.0292004032  
0.008808255035  
0.02538759271  
0.04882415969  
0.002455457003  
-0.01460106913  
0.01923396991  
0.02801109754  
-0.006638646411  
0.1622465402  
-0.07699946123  
1.419355937  
-0.7064267747  
0.06425692712  
1.032032974  
-0.1023875062  
0.4317417523  
-0.06200976171  
0.2716581234  
0.09117582494  
-0.3188660939  
0.1955617761  
-0.05546820275  
0.1365722929  
-0.1475096501  
-0.2902086508  
2.576607476  
0.4308519989  
-1.598451292  
2.283119984  
-0.437078047  
0.5572903849  
-2.597612262  
-1.524300364  
1.821139799  
2.73938514  
2.553577992  
5.188404683  
-2.887818578  
-4.278605672  
4.264270524  
2.290571286  
1.263761985  
-0.864320384  
0.3029845728  
0.8724574938  
