-5.167583417e-12  
-6.146312533e-08  
-7.452247134e-10  
-8.405472382e-05  
-0.000414188774  
-0.0003405835902  
-5.190174562e-05  
0.0003735326003  
-0.0002416470143  
0.0002662119481  
0.0001291883088  
4.55341301e-06  
1.683610779e-05  
0.0005008712067  
0.0001246627552  
1.130054756e-06  
-7.416789936e-05  
-0.0002682220161  
0.0002939922273  
0.0003196680494  
-0.0004386869041  
0.0005694180232  
0.000649220225  
-0.0007124864303  
0.0006416137888  
-0.0003913614032  
-0.0001331743359  
-5.17448084e-05  
-0.0004426414546  
-0.0005082976973  
-0.0002254184629  
0.0003356794917  
0.0004159035421  
-0.0009793650866  
0.0008875042518  
-0.001699484216  
-0.0001654063373  
-0.0002593156321  
0.000169817622  
-0.0003701300883  
-0.0004112668425  
-0.0004789650013  
-0.0002148694611  
-6.578829938e-05  
0.0001471700057  
0.0002895445196  
-0.0007714838507  
-0.0003991054791  
0.0001658752057  
0.001685558027  
-0.001007226513  
-0.002034237891  
-0.00174242567  
0.007873818388  
0.008825542779  
-0.001449897813  
-0.002476972747  
0.004616530459  
0.004551097254  
0.007365831076  
0.001198206747  
-0.008620344358  
-0.01254655944  
-0.01205094273  
0.03661122895  
-0.007928460171  
-0.002725197146  
0.006861477984  
-0.04204235879  
0.01204473923  
0.007038148991  
0.0222771438  
0.006546090131  
0.05267865011  
0.03406494935  
0.01220091382  
-0.001472027652  
-0.01504977802  
0.04278078146  
0.05264923794  
0.007395174776  
0.008587420074  
0.07203695381  
0.005111037869  
-0.06104197666  
-0.003914092907  
0.01105062614  
-0.001829377201  
0.06750732007  
-0.03511751307  
0.3463804089  
-0.5325221373  
1.08585779  
0.4032567408  
0.3508156113  
-0.2600645358  
-1.220386465  
1.21972573  
-0.8706857445  
-0.7733014089  
0.4980782829  
0.4532166541  
1.62373197  
-0.7668238989  
4.311553635  
-1.383954951  
1.051212111  
2.002328981  
0.7752331866  
-0.08182662827  
-1.066996992  
-0.7011624732  
-1.207761782  
0.6448350145  
-3.164231047  
-0.2996452126  
-1.09551792  
1.436032899  
-5.501659997  
2.66511521  
-2.664905209  
0.1800747742  
3.936040249  
-2.637520427  
-2.011275485  
