-5.606946707e-13  
-6.241681421e-09  
3.33387383e-09  
0.0001023988196  
0.0001436859612  
-0.0001234954268  
-2.223697527e-06  
-0.0002716529567  
3.213805095e-05  
0.0001016235273  
0.000627039652  
0.0003356439549  
0.0001129071503  
0.000150409675  
0.0003620771668  
0.0001788323279  
-0.0002583531911  
0.0004083778653  
0.0003770240103  
0.0002693472233  
0.000378131396  
0.0001098841524  
-3.950708698e-05  
-0.0003947952853  
0.0005672735277  
0.0001045482816  
-0.0003947622588  
0.001090934039  
0.0003153439741  
0.0004507731657  
-0.0004323172122  
0.0001495944502  
-1.540551662e-05  
1.350688726e-05  
5.830198519e-06  
-2.420156702e-05  
-0.0004659691255  
-0.0004890258028  
-0.0007320279286  
-9.747702632e-06  
0.0009632554036  
-0.00027083983  
-0.0002070744425  
-0.000341139567  
0.001743858061  
0.0006869569539  
-0.0006316812477  
0.0007066331077  
0.0008775942176  
0.0008754089571  
-7.143126759e-05  
-0.000333580176  
-0.001688042654  
-1.938228912e-05  
0.0003786579707  
-0.002513427174  
-0.002711822551  
-0.001467183602  
0.00225164222  
-0.004897860585  
0.001661276962  
0.0005736868516  
-0.0243136252  
-0.0270935032  
-0.02194767589  
-0.009247437384  
0.009482702971  
-0.001001073524  
-0.01118801925  
-0.015656799  
-0.03513648056  
0.02372238907  
0.01128244139  
0.01959550935  
-0.04085808913  
-0.03696941709  
-0.0002372480315  
-0.03371865976  
-0.04223784618  
-0.03350269879  
-0.02955608963  
-0.03312512472  
-0.09471412344  
0.0293309051  
0.02650780249  
0.01166827795  
-0.07151897461  
0.0205080067  
-0.2897966822  
0.03305447373  
-1.985114605  
0.6433168597  
-0.9888404783  
-0.5839813921  
-0.6524303151  
-0.1139545127  
-0.5254216416  
-1.163069131  
2.169454844  
0.9351192375  
-1.058823465  
-0.1484950326  
-0.4132594661  
-1.041693972  
-2.521634439  
-2.694240905  
-0.3978407118  
1.555963979  
-0.7486844199  
-0.5855400956  
3.640865188  
-2.986203452  
-0.2217739304  
-3.085292927  
-1.889564543  
0.1264225777  
3.497995769  
-0.960826474  
-2.398465797  
2.355524878  
-2.787932628  
-0.3581112115  
1.138440523  
-4.944739215  
0.7431327313  
