-2.620057639e-12  
-3.015089178e-08  
7.817757664e-09  
-3.497838253e-05  
0.0001150951634  
0.0001390917343  
-0.000465773226  
-2.880274565e-05  
-0.0001918368925  
-0.0004826828403  
0.0001681920691  
-0.0003798317207  
-0.0004569317091  
0.0002394504782  
0.0004650832809  
-0.0001235591182  
-0.0004324381098  
0.0006864626807  
-0.0002470957959  
0.0001156995286  
-0.0005225838936  
3.825709896e-06  
8.72093996e-05  
-0.0007169981387  
0.0002419464504  
-0.0004803837462  
-8.911218213e-05  
5.146205971e-05  
0.0003010228194  
-0.0004054966527  
-0.0002010568543  
-0.0004700936568  
0.001116899148  
7.640172541e-06  
-0.000407373949  
-0.000105445117  
-3.706469221e-05  
0.0004309690231  
0.0009637447742  
-0.001427796257  
-0.0006322838438  
-0.0004986131164  
0.0009319244822  
-0.0002871874793  
0.000150125171  
-0.0003531690779  
0.0003058081766  
-0.0002827193855  
-0.0006933493522  
-0.00274107476  
-0.001587817626  
-0.00450647663  
-0.0010411339  
0.004025203916  
0.004959239553  
0.0006359823206  
-0.003622998114  
0.003626100834  
0.00198405953  
0.001272216653  
-0.002664641121  
-0.003419046811  
0.0006243295956  
0.04036528229  
-0.06800896564  
-0.0495857742  
0.04494556208  
-0.01186345265  
0.003255286811  
-0.02671225464  
-0.01417788582  
0.02777294059  
0.03461917056  
-0.06485717824  
0.0151406028  
-0.03406543314  
-0.03810032498  
-0.01278485422  
-0.05595945944  
-0.06962776902  
0.007254434545  
-0.02558413999  
-0.00722448694  
-0.05367052712  
-0.03866041874  
-0.06102092401  
-0.0006916079234  
0.1210284787  
0.07900131204  
-0.02737560701  
0.8553073659  
-0.5101259338  
0.9191428029  
-1.843216638  
-0.6935909883  
1.318572096  
0.5188825618  
-1.805647252  
0.4262527239  
-2.711460098  
0.09931045016  
0.2642567589  
1.812998814  
1.866304148  
-1.956175123  
-0.7673621893  
2.496226995  
-2.08243654  
2.061064567  
-0.06017221469  
2.380494422  
2.528805659  
-0.5232393889  
0.7801826279  
-0.6411257847  
-1.745856872  
-2.97679276  
-0.7730642093  
0.1261480329  
3.510226601  
-3.89214279  
4.444604969  
-1.619015235  
-1.901547135  
-0.002338513698  
