1.282694483e-13  
-1.453815745e-10  
-1.405596754e-08  
0.000196706568  
-0.0001635768829  
0.0003758660267  
0.0002602611357  
0.0001588913908  
0.0001826938251  
0.0001730953633  
4.658802827e-05  
0.0003942347155  
5.556886958e-05  
-0.0003547581153  
-4.375885081e-05  
-0.0002737550583  
-0.0003221479398  
0.0005122893988  
-0.0004372805708  
0.0001280886178  
0.000133681355  
-0.000568081687  
0.000646044196  
-0.000106309815  
-0.0005618790268  
0.0001963208853  
0.0003558818563  
6.305576182e-05  
0.0001811039031  
0.000505223627  
0.0007116763426  
0.0004926497513  
0.0003763270368  
0.0006671310452  
-0.001738121023  
0.000438629263  
0.0005659221014  
0.0003354537836  
-0.0004560971844  
0.000145435568  
0.0003589372171  
0.001046131526  
0.0005486609519  
0.001288556636  
0.001868523474  
-0.0003840546215  
-3.780400511e-05  
3.850252229e-05  
-0.001017456364  
0.001228053114  
0.002027397956  
0.002704807718  
0.001279396054  
-0.005317923043  
-0.001832319176  
-0.004622605946  
0.0001113748397  
-0.002684563546  
0.001438854184  
0.004423294277  
0.001789227149  
0.001914528297  
-0.008688948774  
0.03403457426  
0.002202601548  
-0.01998773979  
-0.0128564054  
-0.02742576672  
-0.002689248732  
-0.0364619303  
0.0293882209  
-0.04271169464  
0.006290416571  
-0.01035342766  
-0.03621030928  
-0.01552385302  
-0.02212901614  
-0.00529528674  
0.002430480713  
-0.0322041022  
-0.08417607186  
-0.01079828144  
-0.04344917386  
-0.0151856551  
-0.009006849312  
-0.04547555167  
-0.02497290252  
0.05680299013  
0.08672760894  
-0.05394958697  
0.2666470977  
-0.00773449359  
1.425883157  
-0.4726003253  
-1.939742686  
-0.842109776  
-3.137711714  
-1.481452661  
-1.311758503  
-0.3732423861  
0.1533433227  
-2.77929236  
1.053433792  
-0.6257850056  
-0.6691721869  
-0.226353764  
2.241883938  
1.152867918  
-0.0544183909  
0.2565679666  
-2.867477888  
0.541457494  
-1.266399371  
-3.313485884  
3.200318392  
4.564966393  
-0.7770972289  
-1.822409984  
3.111782887  
0.7330482571  
-1.958554406  
-1.819792886  
1.628778884  
-2.796487942  
-2.103926089  
