1.469585393e-12  
1.877425428e-08  
1.072844534e-08  
-0.0001303900677  
-0.0004474514699  
0.0002075272708  
7.572942551e-06  
9.013106211e-05  
0.0002316154514  
-0.0001274341161  
6.630962733e-05  
0.0003170188099  
5.880780246e-06  
0.000143768636  
0.0002516550084  
0.0002046789586  
-0.0001601713536  
0.0003970122475  
-0.000312535954  
0.0001707613954  
0.0004304842175  
0.0007387611729  
-5.726343795e-05  
-0.0004342857055  
-0.0003044924018  
0.0002029350071  
-0.0001162319599  
0.0003549659774  
0.0001580026227  
0.0009784059198  
-0.0005609936428  
-5.350670702e-05  
0.0008873027432  
0.0002610543246  
-0.0004846189273  
0.000354822315  
-0.0002335107618  
-0.0003064684965  
-0.0005571609102  
0.0003018857648  
0.0008853390425  
0.0005628645323  
-0.00107931512  
0.001546808773  
-0.0006254932761  
-0.0009920374386  
0.0005229320462  
-1.108012072e-05  
-0.001501587199  
0.001289713968  
0.0004880686441  
0.001094568542  
-0.001205161481  
-0.006328030065  
-0.002747444174  
0.0006052285971  
0.002869970966  
-0.001235561105  
0.002027280638  
0.01015337748  
0.007825838385  
-0.00983066876  
-0.02642151842  
0.06263185412  
0.003688441829  
0.03569456601  
0.007230442133  
-0.009137127272  
-0.001664458999  
0.01341903916  
-0.01821549777  
0.01276026273  
-0.06560004407  
0.002454729136  
0.007295948642  
0.004529323421  
0.03273195427  
0.005786354853  
0.01637600665  
0.05897316647  
0.04742948236  
-0.02407894187  
0.07616996576  
-0.03485184312  
0.007114620333  
0.03411051501  
-0.02053619546  
0.07042588529  
-0.04498379009  
0.0313655168  
0.4562516272  
-0.7885127101  
0.5958100463  
1.461004002  
0.2920073198  
1.327476193  
-0.9471961405  
3.336481977  
2.828110048  
-2.138320521  
-0.1361778055  
1.431459316  
-1.694904456  
0.04214575961  
1.703752046  
-1.527569976  
0.4097878912  
-4.130333879  
-1.267629843  
1.115214341  
-0.7918654785  
-2.357280132  
0.3898223031  
-1.805543557  
2.127721917  
-1.203221212  
-0.347417113  
-2.390232766  
3.301014512  
-0.7357284137  
-3.613575753  
-0.5890327428  
1.664457454  
-3.914738017  
0.1932297399  
