2.936081978e-12  
3.279007524e-08  
-1.71516909e-08  
0.0002451047734  
-0.0001524684895  
0.000122088874  
-0.0002840600396  
-0.0003920449989  
0.0001554982435  
-0.0001636342988  
0.0001133657201  
9.125929696e-05  
-1.425741718e-05  
-1.500788348e-05  
-0.0003020931125  
0.0001585111303  
-0.0001194670656  
0.0003103762795  
-0.0002017282905  
-0.0006518645672  
0.0002129221919  
-0.0003557631207  
-0.0001579254564  
-0.0004545542048  
-0.0003173552932  
0.0001891603603  
0.0002431440593  
0.0005331515698  
-0.0002045206547  
-0.0007505367438  
0.001067462649  
0.000974263529  
5.273961018e-05  
0.0005901327566  
-0.0007231870691  
0.0003453301865  
-0.0004403072393  
-0.0002576934483  
0.0003909219927  
0.0008426894546  
-0.0003769445065  
7.723104552e-05  
-0.00102533189  
-0.001676251358  
-0.0009304011373  
-0.0007139787213  
0.0003703144418  
-0.001442936039  
0.0005870458635  
0.002775588797  
-0.001608886845  
0.007826503926  
-0.003794357797  
0.0001799759212  
0.002966666427  
0.0008797043341  
-0.0003636379499  
-0.005895332099  
-0.0003931739026  
-0.003444831066  
-0.008861098631  
0.002442109481  
-0.02281659034  
-0.009193028037  
-0.0498922301  
-0.04896682525  
-0.02111712594  
-0.01489100086  
-0.00834215561  
0.03375890482  
0.001220060507  
0.05524896583  
0.01791656945  
0.02883876293  
-0.0162397326  
0.06527142425  
-0.01286606506  
0.03363717032  
-0.09053295497  
-0.04804608655  
0.05457640961  
0.0391387962  
0.03583510298  
0.02559530475  
0.05897131807  
0.03277996824  
0.04217877445  
0.08595754654  
-0.1517737434  
0.1396965536  
-0.9618320436  
0.17035985  
1.094297553  
0.3903068892  
1.502877433  
-1.165006769  
1.864619541  
1.287641369  
4.005041746  
-0.9482665693  
-1.621948921  
1.827394517  
0.9782453718  
2.493542598  
-1.754579046  
1.03503932  
-0.3388011844  
2.631248721  
3.560205115  
-3.93643435  
-3.361168212  
0.06572157536  
-2.427470859  
-1.34715077  
1.256552836  
1.161816269  
-1.048989009  
3.138474529  
0.1330675525  
-0.9599776287  
-1.051922407  
-1.960064575  
0.3616798025  
-0.6752863676  
2.128810458  
