3.322918266e-13  
4.826447374e-09  
7.296362394e-09  
9.588425592e-05  
0.0001572587497  
-9.376733554e-06  
-0.0002648071866  
9.628445206e-05  
0.000372351867  
5.954088543e-05  
-5.893394139e-06  
-0.000320344761  
-0.0003079099263  
-8.87523677e-05  
0.0002678936216  
8.484885429e-05  
-0.0001797135855  
-3.485004445e-05  
0.0003733826932  
0.0007178567082  
-0.0004111966422  
0.0003388815126  
-0.0001790770345  
0.0002186500123  
-0.0001225221613  
-0.0006179579873  
9.37789395e-07  
0.0002269764084  
0.0007979817359  
0.0001896641134  
0.0002576157385  
-0.0003585483144  
0.0003608042949  
0.0003143875931  
-0.0003268352093  
-0.0001719329838  
5.397849013e-05  
0.0002131727993  
-0.0002578317577  
-0.000342907268  
0.0004742195773  
-0.0001862851534  
0.001126697985  
0.001224356192  
-0.0005074357569  
0.0008014851004  
-0.001926434499  
-0.0001822741148  
-0.0001884751292  
0.0009979473492  
-0.002210522446  
-0.001883718485  
0.0002628760889  
-0.0004775629643  
-0.000374447153  
-0.001750455788  
-0.002453230531  
0.001964986625  
0.003090811273  
0.007202358839  
0.007443630072  
-0.01963223806  
0.01635710201  
0.04351801558  
-0.002572701482  
0.001638094782  
0.03727843271  
-0.01947440184  
0.01767700272  
-0.008635288952  
0.0001366132104  
0.03683649827  
-0.07566580981  
-0.002728166499  
-0.09119647759  
0.02601125473  
0.01719905178  
0.03359333644  
0.0305495973  
0.02752277629  
0.02284097853  
0.0532662344  
0.009492149977  
-0.00998604671  
0.09108973038  
0.03818606435  
0.05768294305  
0.3396438587  
0.1591722977  
0.5684344526  
-0.2829265679  
4.439045846  
3.344103344  
-1.834096586  
1.025493596  
-4.460311172  
-0.2910819619  
0.5418761577  
-1.524600146  
-0.3597229926  
0.1114752669  
1.227988283  
0.6562690028  
-0.3875090374  
-1.535915486  
1.417421607  
-1.840625222  
-1.296149817  
-2.535970914  
-0.1834272523  
-0.4526223895  
-1.161399564  
-0.08627655004  
1.562340903  
2.417144563  
-3.201337261  
-0.6406244091  
-1.69129784  
-1.789633913  
1.876441407  
-1.484758488  
0.5431728618  
1.470327397  
-3.473503767  
-1.143578916  
