-2.97454266e-12  
-3.231991123e-08  
2.490498535e-08  
-2.802942064e-05  
-0.0001049250829  
-0.0001347894591  
-3.924350229e-05  
0.0001610863198  
-6.489998825e-05  
5.273626263e-05  
2.696993951e-06  
-0.0004364065464  
8.779433854e-05  
5.776006661e-05  
8.841471184e-05  
0.0003327444837  
-0.0001089400064  
-0.0002919146828  
0.0002995024227  
-0.0002708521589  
0.0003131709373  
0.0001250438784  
3.92417891e-05  
0.0001961416234  
-7.952549297e-05  
-0.0006163687638  
-0.0002002728871  
-0.0001923176119  
-0.0004613580286  
-0.0005369633334  
0.0004768930803  
-0.0001186586229  
-0.0007875864986  
-0.0006774484061  
0.0004182541184  
8.127941578e-05  
-0.0003248848983  
0.001303360074  
0.000297758586  
-0.0002538583802  
-0.0007719880591  
0.0001139327082  
0.0006503167027  
0.0008046092707  
7.816271874e-05  
-0.001310487192  
-0.0004774325475  
-0.001691410583  
0.0006820684451  
0.0004260359976  
-0.001218323152  
0.0003010005599  
-0.0006264480604  
0.002730690038  
0.004412606048  
0.002011181373  
0.001199375815  
0.001857639456  
0.006480515943  
0.008275889353  
0.005318461693  
-0.01257387992  
-0.009572866445  
-0.02607334061  
-0.002045792068  
0.02309774711  
-0.01815478352  
-0.004289727359  
0.01759124388  
0.0316862772  
0.03769261415  
-0.0510070765  
-0.05880334177  
-0.01009292218  
0.05059611926  
-0.006944010866  
-0.09054910526  
-0.02516314461  
0.06512027278  
0.09223392766  
-0.03430267889  
-0.0311558556  
0.09461021065  
-0.1598690017  
-0.06196055807  
0.08230327067  
0.03258269874  
-0.182906751  
0.4363645792  
-0.3160084444  
3.010338933  
-1.613402539  
0.01036236393  
1.297639295  
-2.078593272  
-1.071765995  
-2.449266379  
1.663910286  
1.907669334  
0.01215920303  
0.5980290743  
-4.730504856  
-1.349862573  
-0.1996344941  
-1.41577289  
3.353151465  
-3.529589884  
0.7755101283  
0.27212028  
-2.329525456  
1.779783778  
0.8934468874  
-0.7076535637  
0.1947989375  
-1.944877456  
-3.533449138  
-2.408506196  
0.1479744611  
-0.3032241635  
-0.3246092404  
-1.668973912  
0.2865656818  
1.965657793  
-2.094586538  
0.06728182197  
