-9.856759801e-13  
-1.47848853e-08  
-2.547250496e-08  
-0.0004295107112  
0.0001300735621  
0.0005444498586  
0.0005766687441  
-6.977635406e-05  
6.22269589e-05  
-0.0001522214319  
0.0003075341141  
1.191328003e-05  
-7.384032967e-05  
2.828147859e-05  
0.0002863428954  
2.894023157e-05  
0.0001897005459  
3.804974402e-05  
0.0002130062017  
-0.0008748588692  
0.0005130837987  
-0.0002118481519  
-1.111621196e-05  
-0.0007357556834  
-6.921744909e-05  
0.0007598362182  
-0.0007445254395  
0.0003932056851  
-6.642476309e-05  
-0.0008226650002  
-0.001382985734  
-6.827297066e-08  
-0.0001694493225  
-0.0003721061747  
0.001086104378  
-0.0001224227117  
4.007098394e-05  
-0.0008950896255  
-0.0008374393307  
-0.0004674318266  
-2.617472759e-06  
0.0002417869388  
-0.0006926104952  
-0.001360765493  
-0.002033661496  
-0.0007902224592  
0.001447059889  
-0.001006094753  
0.001472930509  
0.001088384127  
0.0003647610121  
0.003603106567  
-0.002230155642  
-0.001076818488  
0.004639929697  
0.006224630758  
0.002734949185  
0.002867565097  
0.0005125532266  
-0.006159247662  
-0.004000588727  
0.01590685308  
-0.0236266638  
-0.009253553904  
-0.01007146195  
0.00492434379  
0.0009687913596  
-0.01084518599  
0.00734548705  
0.006216249754  
-0.008255713096  
0.005857976067  
0.01637529444  
0.007247316912  
-0.004232474235  
0.001369533321  
0.01720009001  
-0.005892917107  
0.01399625644  
0.003148623433  
0.007781681581  
-0.006575763349  
0.004805903897  
0.006300498345  
-0.01805002724  
-0.007712644046  
0.007462967634  
-0.02152500315  
0.01731853366  
-0.008866769171  
0.2402617681  
-0.05077517196  
-0.1271528494  
0.04256519933  
0.1051861373  
0.07785109378  
0.4998433077  
0.3585978382  
-0.3617733778  
0.07384128924  
0.2343007043  
0.1851916081  
0.2245927274  
-0.357570552  
-0.1703188093  
0.2771971629  
-0.498927366  
0.1597128852  
-0.1885777098  
0.63915141  
1.373978079  
-0.8294765695  
-0.8023889701  
-2.718647641  
2.104015645  
-0.0242955907  
-1.902410228  
0.8551787057  
-2.114342676  
-0.1811287737  
-2.860034871  
1.540173273  
1.687020112  
8.844878442  
-2.623603692  
