-5.106349646e-13  
-2.628238551e-09  
2.840660721e-08  
1.066333659e-05  
0.0005434979349  
-0.0002006888645  
-0.000645125099  
0.0001359077576  
0.0001313891312  
0.0001270922536  
7.887946845e-05  
-0.0003850234192  
-3.525727197e-05  
-0.0002350107402  
-0.000113612339  
0.0001382817479  
-0.0008354284253  
-0.0001957236393  
-1.911335516e-06  
0.0006274616626  
0.0001002752795  
0.0004913242638  
0.0004217324674  
0.0007582280046  
8.676288429e-05  
-0.0005284144642  
0.0001536114685  
-0.0001221398774  
-2.632732164e-05  
-0.0001749338812  
0.0002702233427  
0.0002141688839  
-0.0003830166438  
-3.00453565e-05  
-0.0002214262861  
-0.0003513454899  
-0.0006607216865  
0.0003112640515  
0.0008824603394  
-0.0003418021237  
0.0003615429365  
-0.0002964515417  
0.0003392938605  
0.0005217203623  
0.0005028195889  
-0.0005729318351  
-3.516629733e-05  
0.001104114831  
-0.0008412166224  
0.001264988356  
-0.0007582663987  
-0.0005844866263  
-0.0009124171922  
0.0006111605151  
0.001355745773  
0.000273293343  
-0.001577004889  
-0.004491550761  
0.001776219267  
0.01250520135  
0.005315664996  
0.001396488319  
0.02655637364  
-0.03284506337  
-0.01715405247  
0.004557963672  
0.03877379602  
0.04272058786  
0.008806115112  
0.06695583681  
0.06486356117  
-0.03406445158  
-0.08607780499  
-0.003163250115  
0.01467305951  
-0.06659489278  
-0.09578112899  
-0.01465353526  
0.1144158223  
0.1382145198  
0.03936981255  
0.09310163032  
-0.007946686883  
-0.1701489298  
-0.000512084299  
0.003457817528  
0.1193076029  
-0.003427368963  
0.2809498696  
0.1676117588  
3.025680633  
0.6879582332  
2.386261554  
1.470317126  
-3.160388946  
-0.07539419951  
6.21270104  
0.366253328  
0.2078751807  
1.661812039  
3.359346509  
0.7696747684  
-0.4316682127  
-1.96867957  
-0.001008886082  
-1.02117467  
1.830424134  
2.000775799  
-0.8453642648  
-1.19343013  
0.9170069592  
-0.06855994723  
-0.6235204785  
0.3544442535  
-0.3305521905  
0.7311970031  
0.7522853394  
-2.354130253  
2.514933584  
-0.716919407  
-2.532711223  
-1.253215375  
1.442789113  
-1.603806579  
1.56183121  
