3.289121256e-12  
3.84514112e-08  
-5.062685375e-09  
-1.372044254e-05  
0.000226163777  
-0.0002758045468  
-4.608225885e-05  
0.0001258589557  
7.110928985e-05  
-0.0005399872902  
0.0004373582511  
2.805535548e-05  
0.0004122193815  
0.0002097899183  
0.0002719993089  
0.0007459084826  
-0.000659626179  
-1.388763241e-05  
0.0002706332472  
-0.0003124660514  
-0.0006578832763  
-0.0002207413771  
-0.0003180136955  
0.0001936605084  
0.0001428292372  
-0.0004473196053  
-0.0002418397968  
0.0002223392643  
2.09633653e-05  
-0.0007737643667  
9.878982125e-05  
-0.0002717273011  
-0.000599365098  
-2.714558708e-05  
0.0009343942784  
-0.001260859923  
-5.308656625e-05  
0.00150897027  
0.0008653026629  
-0.0009992613412  
-0.0005474618405  
0.0007936830863  
0.0006235255755  
-0.0003072834665  
0.001304164097  
0.0005415473319  
0.0008300300209  
9.850580683e-05  
0.0005787799589  
-0.001104277396  
0.0001061789081  
-0.004467199026  
0.0009116116079  
0.002276443068  
0.004477469108  
-0.0001669704075  
-0.001948550293  
-9.785101314e-05  
0.001522350128  
0.001769163652  
-0.002595652444  
-0.0009653202496  
0.02875840326  
-0.03998500074  
0.009754138605  
-0.05508376589  
0.0427892442  
0.00996425013  
-0.04557513464  
0.02401914531  
0.001777003592  
0.04685823057  
0.006838869538  
0.01169619164  
-0.0249964021  
0.04500289691  
0.07497612052  
-0.03007334051  
-0.01721994811  
0.04134878279  
-0.02734025442  
-0.09085425025  
-0.03620876526  
0.1481435373  
-0.107243937  
-0.07170816418  
-0.1738940673  
-0.06563927019  
-0.2918374959  
-0.211102787  
-2.633153891  
-4.186826587  
-0.412077286  
-2.199785373  
-0.4834454211  
-3.09540306  
-1.215487044  
-0.3467362061  
2.153866549  
3.62484905  
2.872217627  
3.25094208  
2.302541895  
-1.31300651  
1.805614895  
2.499586551  
-0.03179537831  
-0.7595515054  
0.7872371466  
0.2299742175  
1.858826464  
1.562841139  
-0.78787571  
0.2426865632  
0.9596163066  
-0.317906207  
-0.4926880839  
-3.53152602  
1.94895261  
-0.9700127142  
-1.216811761  
-0.1271383787  
0.306897767  
-1.004222189  
-0.9197500216  
