-3.272608289e-12  
-3.816485937e-08  
5.864678499e-09  
-7.48395812e-05  
-0.000356475499  
0.0001092629678  
-0.0004386704566  
6.169785171e-06  
6.203417345e-05  
0.0004057868887  
-0.0002255659132  
-0.0002203555702  
-0.0001591647638  
-6.046462047e-05  
-0.0004440754278  
-0.0001209024219  
6.405088537e-05  
8.879205399e-06  
-0.0002920915003  
0.0001643873335  
-0.0001208566567  
0.0001182239726  
0.0001692067667  
0.0005951427632  
0.0005835509492  
0.0007602060575  
0.0007297409791  
0.0002841414187  
2.327716474e-05  
-5.076111763e-05  
0.000954792102  
-0.0002583270456  
-0.0004638593838  
-0.0002846641367  
-0.001000248902  
-0.0005378066262  
-0.0009344938992  
0.0006542609439  
0.0009906828233  
0.0007469928077  
-0.0004716427393  
0.001451333968  
0.0005746871178  
0.002436245405  
-0.0001601889974  
-0.0008574449806  
-0.001194683797  
-0.0002633135956  
0.001147567586  
0.001562486667  
-0.001199951437  
-4.05404198e-05  
0.000421461951  
0.001300130828  
7.144633982e-05  
-0.0001477573905  
-0.001219825285  
0.0009707153546  
0.004832655123  
0.008388397979  
0.006563998303  
-0.008869525238  
0.003892079932  
-0.03391731825  
-0.02101380427  
-0.002310646381  
-0.04576911512  
0.01880753995  
-0.07748722924  
-0.01674186366  
0.01612382436  
0.00945696443  
-0.0236199942  
0.0467612738  
-0.08163542404  
-0.07430756364  
-0.01159060991  
0.03619560507  
-0.01199492841  
-0.02407530167  
0.03309979483  
-0.01653557315  
-0.1281777419  
0.1667396752  
0.08407614218  
-0.1086435074  
0.09393667645  
0.1479436121  
-0.6051409703  
0.163487439  
-3.429120465  
3.366251831  
-0.9131837667  
-0.3058335517  
-1.352682697  
4.547565038  
-0.9856097165  
-0.6552302227  
-0.5773913922  
-2.390202992  
4.86043487  
1.343183611  
-0.8573030778  
-1.615116873  
0.08854293495  
2.853016384  
-2.628987638  
-0.01971786314  
1.398784085  
-1.952022897  
-0.8493280302  
-0.1412561864  
-1.16362099  
-0.1642000382  
-1.265683293  
0.9861442319  
-1.494934159  
-1.427315388  
0.4415126207  
-0.2576180236  
-0.9622333385  
-0.3867523584  
1.961661633  
-0.5881787622  
2.338132675  
