3.103946317e-13  
4.807682107e-09  
8.970008812e-09  
-0.0002830951158  
4.259098467e-05  
0.0003150776432  
-1.672319622e-05  
0.0009118096761  
0.0001949629665  
-0.000330254477  
-0.0007092832972  
0.0002135084604  
-0.0009212171882  
0.00021915828  
4.112841068e-05  
-0.0006566723401  
0.0009523460007  
0.001519382782  
0.0002985383818  
0.0003043231216  
0.001274942534  
-6.040012389e-05  
-0.0002460202547  
0.0004209468827  
-0.001045968714  
0.001896528517  
-0.001127279733  
0.0006359968186  
0.0004378308227  
0.003060363613  
-0.0005981487545  
-0.0008134202801  
0.001038166103  
0.004292275087  
-0.003282698722  
0.003363682664  
0.0004661466238  
-0.001034750511  
-0.003403556718  
0.002390645602  
0.003533219275  
-0.0004235317275  
-0.001932860479  
0.001036236406  
0.001276621195  
-0.003258466177  
0.0007476367797  
0.003248270259  
-0.002540769088  
0.009210267838  
0.003931719102  
0.007913141461  
-0.0006881108741  
-0.02040767386  
-0.02386114046  
-0.005798530543  
0.005421887342  
-0.01081155018  
-0.003819901363  
-0.003988486285  
0.003603652206  
0.003343175818  
0.01755768961  
0.1159523777  
-0.07026928949  
-0.03251535861  
-0.002280452284  
-0.01736063147  
0.009768708812  
-0.03043283255  
0.01887900326  
0.07083871888  
0.01642843716  
-0.07345107711  
-0.007867428843  
0.004223624943  
0.02495597913  
0.07776364834  
-0.06048600664  
0.0154328172  
0.05067678894  
-0.01528904282  
-0.001935080909  
0.03455700924  
0.01349858251  
-0.05183451252  
-0.0222205162  
0.1298468723  
-0.01548532586  
0.03959170064  
-0.1035345895  
-0.08616771915  
0.2006611178  
-0.3759278352  
0.2785413434  
0.1739866589  
0.3086570916  
-0.1003638963  
0.299884542  
-0.7524990336  
0.1842627912  
-0.5465295095  
0.791193569  
0.07388100865  
-0.212945842  
0.466860203  
1.040544446  
-1.516764249  
-0.5876527968  
-0.3063565737  
1.37992746  
0.9834137806  
-0.02704939326  
-0.04754648537  
-0.4922370181  
-0.6133093672  
0.04244462212  
0.5521906866  
-0.9950389769  
1.772484711  
0.9923729385  
-9.900480455  
2.025567501  
2.544979969  
0.5660300952  
