2.386492886  1.621245878  0.8046853108  0.5693095965  0.2494790799  0.6005330913  1.580557139  -1.3611996  -0.9435708773  -0.3310526167  0.7159760391  0.2533913424  0.005555407632  0.6157208356  -0.879316988  -0.1418034043  1.480410703  -1.409732737  1.786385957  1.558751282  0.7039260202  0.1089225503  0.2699642375  -0.1810218005  0.5964912067  -1.130318252  -0.8518758855  -0.1561574459  -1.150491853  -1.485914579  2.402695452  -1.039947927  1.124650126  0.01496902336  -0.5198223569  
-0.6907712406  -0.940935253  -1.17114723  1.949363625  -1.17181654  0.9009224597  -1.217860665  -0.9944667156  0.2067483053  0.03821181033  0.5403035513  0.02641398437  0.5615857324  -0.1940385887  -0.6192348772  0.1837922283  0.4846364523  -1.221644071  0.1554666892  0.8932118993  -0.7174932562  2.051105742  0.8600089725  1.72360356  -0.102439316  -0.1296276679  1.184252046  -0.3390421227  0.8071885213  1.071803336  -2.366503943  0.2341609401  0.2456765082  -2.412013561  -0.9275919446  
-0.5628214612  1.917233303  -0.3991646534  -0.5609588929  0.4126495134  -0.3238860102  -0.01253548363  -1.809052876  -0.6665636324  -1.198703889  -0.5713771989  0.007315674186  0.9360646434  0.2251929841  -0.4944045729  -0.02855863049  -0.8197615314  -0.2812768172  0.3775239683  0.4045613201  0.9747424639  -1.702241604  0.4409645199  0.4877822709  0.6666238151  0.1547158377  0.7568895601  0.4816213162  -1.974664254  1.546135976  -0.5181206974  0.4739396912  -0.9836043129  -0.504695624  -0.08566198115  
1.280915  -0.4768294571  0.1879053846  -1.212535636  -1.157319651  1.463827595  1.615409318  -0.5149532419  0.3706928799  0.202720358  1.397374188  1.535330084  1.046159694  -0.7142431783  0.4456829645  -0.6994220698  0.1055008479  1.700268074  0.8618847138  0.6402009441  2.549936037  0.2601587483  -0.8152927339  0.2348356627  -0.7386040491  1.216580312  0.653778797  1.880837455  1.191394672  -0.2012104959  -1.160091817  0.9230875072  -1.124899002  -0.2407689378  1.879870937  
0.1434733418  -1.025463939  -0.006843709225  0.1847729677  -0.6517825726  -1.617203525  -1.033100149  0.446827557  0.5923556226  -0.7980574353  0.6007371379  0.5813323975  -0.8149348856  -1.27524482  1.266398108  0.0648357115  0.8303272342  -0.2800678611  -0.7874518022  -1.081454546  -1.601744409  -0.6592213226  -0.7022618684  -1.385373597  -0.1561113725  -0.2668601029  0.632440556  0.8243803674  -1.117073664  0.4213715856  -0.06335742637  -0.7434025903  -1.64100796  0.3106358537  0.3634555193  
-0.5462161997  -0.2176230103  0.4586414519  -1.105107909  0.7862505126  -0.9701005163  -0.799816053  -0.9797150224  -0.3805773837  2.320205586  -0.535604292  -0.1514413179  1.113295412  1.785558698  -0.1801730508  -0.3043590561  -1.17175151  -0.07114833508  -1.973716463  -1.023722939  -1.616463744  -0.451651549  -0.274981759  1.520939681  -1.068467795  -1.114378467  1.51170017  0.00197613768  -0.8065577537  -0.3613029909  0.4482930624  -0.6862231908  1.580854915  0.6909484252  1.213413221  
1.832050927  1.3640359  -0.6612457778  1.732651308  -1.17235951  1.614817178  2.945686275  -0.2927162023  0.7663657298  -0.3726125561  0.6772233974  -0.6701194281  -0.1202657966  -0.4812674748  -2.174975721  1.674260991  0.1300282221  0.749232503  -0.7815697746  -0.3475355049  -0.3066257438  0.7888680168  -1.520916085  -0.2830526543  -1.327348729  0.4468199747  -0.2987843445  0.352508728  -0.196891007  0.03615326427  0.4040073974  -0.6843575351  -0.6241157132  0.8459710233  -0.01679233091  
-0.9557929119  -0.7646788012  0.6081830445  -0.1054467874  1.504044341  0.09483453977  0.1655292018  1.340717341  -2.11345597  -0.2544927163  -1.549320775  -0.8120343497  0.5143472703  -1.192366148  -0.8667796702  1.53992526  -1.227314  -1.258343642  -1.019244024  -0.2679721071  -0.5214465682  -1.084649553  1.116785181  -1.185239762  0.3494387441  0.04651971821  0.3224863686  0.3619103304  2.212295153  -0.3729922631  0.2759677081  0.4264882038  0.4047670797  0.8946415849  -1.176494987  
-0.6502254747  -0.8396578043  0.8314069292  -0.3211434414  -0.8680582393  -1.707399332  0.3271350777  0.1648331461  -2.125446638  0.3971939271  -1.894424631  0.7471794526  -1.854415366  -0.1515088763  -0.5742919584  -0.3909357499  0.7014269322  -0.3522743688  -0.4147752169  -0.4922189601  -0.3725456172  0.34781857  0.5091438469  0.1243296801  1.133429031  -0.7203976331  -1.975134313  0.1378185888  -0.4188973997  2.008521954  -0.2604799742  0.2017892679  -1.314514323  0.943812736  1.010700542  
0.1889148669  -0.6686850766  0.5663713253  0.0184321924  1.26564601  -0.2525058599  -0.7829871  2.283796387  1.780112217  -0.2832461422  -0.6340528162  0.2017776982  0.7019128172  -1.125814863  0.3577446046  -1.115116251  -1.076960297  -0.4695668535  -0.1969261008  -0.8238768149  0.1529359639  -0.7730520231  1.031887223  0.04524862322  -0.1554437467  1.279738636  0.08640624799  -1.911037559  0.3989485321  -0.4151576982  0.7964309531  -2.016518474  -1.811863708  -0.9619339384  -0.4606248312  
-0.3504280812  0.8855816639  -0.4343997467  0.08308627175  -0.8801806593  0.828931197  -0.3683299527  0.1508000279  -0.3295729887  -0.4840246837  -0.9999011572  -1.237871129  -1.431626859  -0.772045835  1.395263641  0.2102263109  0.02157742867  1.648465749  0.9701555826  -0.4501725907  0.07670207952  2.524108627  -0.4326342594  -0.4061380744  -0.7201588885  -0.233888662  0.4546687696  -1.722938215  0.2599400854  -1.22592825  -0.2453641125  -0.331630131  0.3972549054  1.00123939  0.8836132393  
-0.4065700197  -1.040558239  -0.5011252416  -0.7347317881  -0.8618211965  -1.964595007  -0.5171421066  0.3245951099  0.8179926377  -1.180278863  1.430692205  -1.245486905  0.4835546385  -0.1696796478  0.06919490414  -0.3098652392  1.291464177  -0.114986135  0.05096117174  0.4213219669  -1.027553743  -1.119221411  -1.469884741  0.5746466659  1.156307838  1.985802043  0.2853689084  0.09862190913  0.6981036958  -0.357760237  0.8319042569  -0.1398790161  1.116153012  1.055190521  -0.6729215422  
-0.5342829878  0.9812303488  -1.026724531  -0.3204229475  0.4733076144  0.9684317608  0.4951779852  0.3315112482  -0.4221245453  -0.6609374474  -0.04960445211  -0.9214758233  -0.7681575454  2.332899625  2.497720504  -0.8158950077  -0.6237821761  0.5529470053  -0.1180246279  0.3016175848  -0.4129957978  -2.070404287  -0.4176830732  0.3226930778  -0.2462447273  0.2161092783  -1.251856154  -0.4449445014  0.8558658633  0.1874470729  -0.6699795296  0.8802728754  -0.05159552063  -0.5067906545  -1.559885105  
-0.9580055933  -0.1603898364  -1.248215079  1.922022242  0.8888968999  -0.03361305225  0.9709746408  2.635686954  0.2849771368  0.869186339  0.4659032196  2.170428451  1.797741666  0.09090496038  -0.2678621697  0.6094603732  0.9333911237  1.136747008  1.615429984  -0.7191227804  0.4749675991  0.5981384517  0.1918721718  -0.8934829963  0.5876998642  0.4368054516  0.317873444  -0.6603781632  -0.5342647615  1.011969095  0.728447094  1.691737938  1.712907556  -0.7668354565  0.5847562845  
-0.8277088312  -0.8850756645  0.2371588845  -1.397941693  -1.321344483  0.7401509937  -0.829418144  0.2375288462  1.111807647  1.633519345  -1.015051201  -1.267580443  -0.1484253183  -1.616244124  0.05717589695  -0.475469968  -0.5468019878  -1.020987565  0.4285102178  0.7877523852  0.5271204552  0.475946007  -1.67313242  -0.6833726294  -0.2307298637  -2.036688388  -0.863693814  -0.3770136955  -0.4350068416  0.9017338131  -0.2033866172  0.5885096448  1.13723714  1.415861686  -1.851371687  
-0.6477604415  -0.103391068  0.9770828684  -0.3733969731  0.6444913693  0.3468399266  -1.801007863  -1.605146873  -1.328420936  0.2917588217  -0.2657839101  0.5362158787  -0.1233509506  0.2627978402  -0.3097134978  2.374146247  1.496877703  0.866310554  0.07507109501  0.7896001752  0.01097047503  -0.1936594995  -0.2842091182  -1.13045947  -0.2719470371  -1.003945903  -0.5991050659  -0.6704171311  0.04968466108  -1.300052218  0.7212398972  -0.7464240985  -0.1854119657  -0.1681839508  -0.6100889148  
0.5638177248  -0.7731706277  0.8176099727  -0.3793166882  1.484903649  -1.227922275  -1.231317344  -0.515841433  1.564530881  0.05057260699  -0.7813937955  -1.213179488  -0.2638150328  0.736310735  -0.3686065717  -1.835176021  -1.20063095  0.5186036805  -0.1315050687  0.7628601391  -0.5584234911  0.513807414  -0.7744631502  -1.943455716  -0.5639234227  0.5642864035  -1.226027841  -0.528149645  0.2005968648  -1.052618101  0.5446556092  2.384278042  -0.234688687  -1.777102887  -0.1060741405  
-0.8451646953  0.743044921  -0.7629536659  -0.03724740848  -0.1147304495  1.489301099  -0.02786154526  -0.2356894626  -0.615589518  -0.7642145783  0.1014315448  0.4196159937  -2.125665764  -0.09105418686  1.049586886  -1.16295998  0.2824003381  1.661457593  -2.354692943  -0.2018813129  -0.1603233081  0.9190300969  1.145642268  -0.4741997815  1.697266541  0.7906052667  -0.2308711152  0.6334164164  -0.2140963434  -0.8088304567  -0.01473633765  -1.463929923  0.8750190617  -0.3627997409  -0.5833843462  
1.235375145  1.937949558  1.241720571  0.2391474068  0.694952985  -0.1060587942  0.4494879539  1.40448106  -0.6215099406  -0.8386042931  1.498193927  0.142404202  -0.003034923163  -1.11516704  -0.7616724923  -0.8592019459  -0.9810007135  0.2117666731  0.5826426253  0.2443422237  -0.0960040363  1.009848319  0.9964287783  0.868137494  0.6537324357  1.166290638  -0.3405034015  0.1216497683  -1.10849358  0.8867543746  1.92887015  0.359079033  0.3104804349  0.5276042434  0.4044849186  
-0.8136659718  -0.2349097295  0.1291734226  -1.683069617  0.38279034  0.3433980932  -0.6773696792  0.7495719354  0.7838356322  2.404249681  0.2882679802  0.9538482112  -0.8586533997  2.008873566  0.6681973915  0.4756160005  -1.519876516  -1.225613688  -0.6629981094  -1.185613475  -1.250601228  0.01807925184  -0.416252992  1.164024643  -1.443502045  0.5285233721  -1.765795236  -0.8333515304  -0.7616719992  -1.596231849  -0.2556040142  0.06617225387  -1.148497697  -0.2257076996  -0.7281443588  
0.7984312472  1.678211829  1.334170924  0.4581330157  -1.007946035  -0.274170031  0.1110983068  1.778269144  -0.7564524001  -0.9286049345  0.830771686  0.1584446124  -0.8255353699  0.3224416029  -0.3334736492  -0.8563806296  1.452462434  -0.07807824419  0.08171383842  -1.575806839  0.02421003852  -1.031595193  0.5091073303  -0.489627178  -1.174240117  -1.541859885  1.143229805  0.8006344827  1.134281557  0.9676317394  -0.1883528642  1.90060529  -0.6327538843  -0.6559677748  -0.07750834199  
0.4875468919  -0.6540711301  -0.4835827321  2.100312795  0.395606561  -0.8912441776  -0.05301167696  0.128128516  -0.2004525226  0.7279461234  0.833752264  -1.103808421  0.1200075712  1.067484351  1.522748634  1.828729562  -1.333035675  -0.08988670536  0.6466922888  -0.8969030263  3.029593239  0.137343339  0.2190772114  -1.245567611  1.212084229  0.7758582768  -1.014847351  0.9369790123  0.2844598883  0.5234211003  -0.3913614172  -0.3291813059  2.054042682  -0.6503602981  0.9630512324  
0.969886295  0.7908269196  1.870047719  0.9287398984  0.7428998529  -0.4201456224  2.052791616  -1.046881704  2.497738643  0.4416741859  -0.3500941093  -0.1986065897  0.8281638909  0.2996422646  1.748973454  1.620720344  1.23566746  0.2638367222  1.113342477  2.335189033  0.1770293664  0.8020340157  1.061367318  1.968957738  0.9590233456  0.5691714083  0.8484867321  1.682861786  1.329897066  -0.5400081183  -2.17269267  1.135396626  0.2650290128  1.339498571  0.5925410984  
0.1045459298  -0.9468792005  0.6445405366  -1.152535851  1.601380957  -0.3047952734  -0.5656654544  -0.8192438764  1.265056345  0.6786074603  -1.395225243  -0.03284448981  -0.5161629835  -0.6332834534  -0.3641698012  -1.242787441  1.665759442  -0.1479248854  -2.669610624  0.4315769525  0.58684864  -0.9753774958  -1.120295694  -0.5340269967  0.142032435  -1.072561692  0.5267091052  -0.8661346715  -0.6939089944  0.1304665577  0.1364574965  -0.2073419558  1.351540946  -0.6394118913  -0.1475161811  
-1.153240305  -0.9990697015  -1.172582413  -0.08133462071  0.6505202492  -1.037758703  -0.07547668219  -1.131041186  0.1363207606  -1.480690907  0.6169858149  -0.6776943495  -0.2244907406  0.8067167796  -1.091826888  -0.5634292584  -1.13825642  -0.8863429223  -0.482378411  -0.758844695  0.5611238977  0.2077421334  0.5005494061  0.7778208991  -0.2518781611  -1.245326106  1.052113213  -0.07550394126  0.2893701988  -2.183356291  -0.128003467  1.559173623  -0.3315362312  1.14403023  0.404679686  
1.501650286  -0.2376712621  -0.2859404223  -1.812962132  -0.9010374466  0.4712419463  1.199086849  0.8277829678  0.5968784226  0.1156757375  1.7650892  -0.9575270525  -0.8822580616  0.3471295734  -0.06003325953  1.144742112  -0.2668094615  1.163939683  0.5149850535  1.491858244  0.6926495333  1.60761744  1.314875588  0.7330765644  1.157778394  -0.7964864486  1.123360461  0.2904561855  1.866627029  1.821461988  0.5316293546  -0.5360458662  -0.1528615112  -2.321483585  1.197295495  
-0.7349986894  0.184856386  0.839541072  -0.5242993564  -0.9363545559  1.526828985  -1.538202201  -1.104483385  -0.3145099385  -0.1396141066  -0.5522783329  -0.4686852918  0.1245105808  0.5459397656  0.04350950211  0.8666587837  0.9982505335  1.478036444  0.7412790292  -1.117990278  -0.08443799667  -1.345666099  0.3125700823  -0.8650544421  0.941255857  0.8345791576  0.3843168478  -2.183328726  0.9059224378  0.3034505961  0.4682771158  0.183677511  -0.4486691802  1.540683166  1.718333361  
-0.9997175667  -0.9183804421  -1.102497034  -0.8270660306  -0.3138366538  -1.590589541  0.433091672  -0.7301850699  0.9416281776  -1.54578453  0.7919531843  1.236118784  1.122931126  -0.5639121615  0.6771364719  -0.4209499267  0.4339170295  -0.8303526547  -0.3538955343  -0.593050129  -0.3450785671  -0.426473093  0.9446613695  0.3618870321  -1.646085803  -1.17406317  -1.219199155  -1.845337254  -0.8051409675  0.06374433594  -0.67131098  -1.387099453  0.1159726653  0.8298018804  -0.449605017  
-0.8503877891  -1.091154799  -0.9845140827  0.7810602866  1.126040567  0.4461508746  -0.6406319614  0.5665562741  0.671888703  -1.278601932  -0.3946178764  1.092525547  0.9690532722  1.881634172  -0.6751339395  -0.689356791  -1.046909957  -0.9660450594  0.6558284332  -0.2776186811  0.5010186495  0.483152881  -1.5350889  1.610188475  -0.2483312977  -1.220302928  -0.7591418394  0.7789580965  0.5897213666  -0.9932181197  -0.07779968644  -1.61181199  -1.439314342  0.2902313157  0.9584817929  
1.767969415  1.635565816  1.653129682  0.458396665  0.8982718905  0.352255578  0.2944362012  0.04559331034  -1.297125249  -0.2831977528  2.055254264  0.6584251754  0.1067784725  -0.7009110071  -0.7996932778  -0.9154083795  -1.634481586  -0.5343545764  -0.4868269144  0.3766528091  0.1968707045  -0.04637143402  -0.1478271191  -1.477736541  0.8734419864  0.5413956734  -0.8041153428  -1.349862902  -0.1064620359  0.7022451726  -2.248824836  -0.5041551627  0.9488954078  0.956179818  0.04256220335  
0.2335438739  0.1717665858  -1.57587245  0.09097768381  -0.3127794263  -0.957105848  -0.1615960483  -0.2125754606  -0.8022793341  1.104705047  -0.5912007471  0.234665941  1.550013786  -0.2674159772  -0.7692114223  -0.3415632985  1.606120295  0.8173701905  0.8420975973  -0.1911356853  0.7919764873  0.01304048748  2.415282381  -0.7778121938  -1.685603157  1.081328525  -0.0559022246  1.736681144  0.005354585735  -0.4098154141  -1.098081162  -0.7696245228  -1.462536377  0.4416161879  -1.663076765  
0.3745760946  -0.8449085905  -1.572001657  1.10959172  -1.139749372  1.073237995  -0.70774631  -0.9083904107  -0.07919110313  -0.2055773998  -0.5491107612  1.280269305  0.6499281849  -0.8381095635  1.251432017  0.9429724187  0.7270867623  -2.636686721  -0.1954050454  0.6897119106  0.0375591731  1.26014004  -0.3001047474  1.443570226  -1.28363719  2.532674169  0.531304976  0.3433183358  -0.05166619874  0.7738095702  1.416388157  2.191450996  0.2868447391  0.4772434989  0.6962375207  
-1.195105865  -1.440186696  -0.5438931381  1.717976784  -0.7144060821  1.168831944  -1.182970511  1.290958921  0.939088856  -1.022348408  -0.4274837167  -0.247259023  -1.657520908  0.7460717821  -1.032566454  -0.5207090821  -1.098685083  0.05772793686  0.1027980655  1.688258617  0.1086666139  -1.672409292  0.8693474436  1.123511974  -1.61784168  0.256838977  -0.2323258704  1.491106723  -0.7029132388  0.5344022921  -0.5806642729  -1.171112019  1.410355523  0.05409403767  0.9313553248  
-1.529261914  -0.9500440236  0.4166182157  -1.467488686  -0.2743520814  1.145063622  -0.8263721319  0.6142909981  0.9072024218  1.962858453  0.4692916058  -0.6541347918  -1.81383137  -1.004218043  0.2783522396  -0.7080952197  -0.1068047277  -1.102929917  -0.7103209179  -0.4649832721  -1.028032142  0.05924557397  0.5710642062  -0.7238762998  1.86120521  -0.9288962555  -0.2092933968  1.358770215  -1.852052604  -1.925955072  0.2674851483  0.4915954896  -0.847698706  -0.05541335917  -0.04486009828  
-1.023262316  0.5274770599  -1.594683123  1.596981741  -0.5532645981  -1.150695433  0.741291698  -0.9159756006  -0.2973463801  1.106301535  -0.1793444883  1.730176405  -1.263439149  -1.994198483  -0.2057166304  1.05173124  -0.5626734393  -0.4424820539  1.757035012  -0.007865944449  -0.2986085669  -1.561383951  -0.8388422505  -0.8346878285  0.3527381218  -0.009948980142  1.802323634  0.431512155  1.772306971  0.8976537218  0.6406517498  -1.039489812  -1.00466628  -1.549532833  0.4789874893  
1.176151214  -0.1693440611  -1.17246113  -0.1843747895  0.9085197542  0.6955028149  -0.4176885836  0.9807147935  -0.2559569812  0.03563226383  -0.922412901  1.609183607  1.687004117  1.601945609  0.3042550295  0.007044694514  -0.585438789  1.095544021  1.323084058  0.1369893847  -1.04993676  0.694476649  -1.544481467  0.1846136274  1.831827143  -0.7452878414  -0.2723257591  1.669730034  0.6415184894  0.01979116398  -1.032526684  -0.9258492334  0.1316342791  0.1975340248  -1.096745278  
0.8032904794  -0.1365424444  -1.178651514  0.4284109927  0.5963207282  -0.696219301  -0.5550477691  -0.04758645175  -0.6703054912  1.324674121  -0.2576614917  -0.659148472  -0.2333461683  0.7197002551  -0.3676722267  -0.1035611071  -0.7919682093  2.145508984  0.5167178858  -0.2008817824  1.12192542  -0.5902959764  0.4293143485  1.618407412  0.9989972141  -0.7603758781  1.80359512  0.03325867367  -1.081287181  0.4202808184  0.1614811716  0.1849839617  -1.611237569  1.829074638  -2.258664435  
-0.7877873815  -0.7902916435  0.5713176858  -0.6082266993  -0.4173176259  -0.7787241379  -0.2939548223  -0.9273246531  -1.278842882  0.8729989784  -1.406518803  -1.50813112  1.686050134  -1.603270151  0.7625419571  -1.140599593  -0.7201581355  0.8259973876  -0.4985731375  -0.8481184718  -2.731751172  -1.751929434  0.8126098947  0.7313275913  -0.6001511493  -1.919642298  -1.889993714  0.07700060047  -0.9129371717  -1.117939525  0.7432438146  0.05232154767  0.0561178035  -1.287635177  1.293496078  
-0.2996999773  1.590038602  0.4767122474  -0.6715546951  -0.7958470419  -0.6686944035  -0.03385481762  0.4645760156  -0.09371625987  -1.381897934  0.2923492487  -0.8390937187  1.472916076  -0.2910827509  -0.3619981395  1.51753841  0.8344580169  -0.1712825528  -0.5714745386  -0.3841307483  0.767100427  -0.3701585949  0.102239628  0.1329582928  -1.183809243  0.2006048293  -0.4268846678  0.92011594  -1.125179409  0.1592530255  -0.4151572392  -0.02990194309  0.04301608411  -1.485072291  -0.5365531298  
-0.5589794109  -1.141883638  0.671388788  -1.5265856  -0.5387668366  0.5592132764  -0.6564376441  -1.054730343  1.928991247  0.8969522406  -2.118022933  0.05025292402  -0.2090705348  0.3618003803  0.3776980284  -1.370961731  0.3545511903  -1.381294796  -0.09902109429  -2.334917719  0.5329706528  0.7314144189  0.5145051621  -0.5195904457  -0.44695098  0.6327601608  -0.5891115693  -0.8637394063  0.7938524566  0.5083228739  1.961611875  -0.6745906292  0.9184200707  -0.1563345917  -0.9866180846  
-1.198682784  -0.7463489145  1.222949114  -0.6493465649  -1.403656903  -1.288152518  0.4360562389  1.288457662  -1.864809708  0.8355150764  -1.361826564  -1.392390317  0.1084158482  -0.06187557463  -0.4780830414  -1.091922194  0.6943790161  -0.6630122894  -0.5308368722  -0.01156709933  -0.0572817254  -0.3980178586  -2.05249799  0.4642540519  0.5614410812  1.154682118  0.7749929142  -1.589696664  -1.035723754  -1.816849938  -0.6502505411  -0.7031592622  -0.6082158793  -1.745808362  -0.005896281594  
1.289948548  -0.2789193255  -0.7680388701  -1.264473194  -0.159824067  0.5067667224  0.5669326004  1.270125036  0.2693690915  -0.4247379453  -0.5050177107  1.593281448  -1.921784855  0.2734608591  -0.1300419007  1.004846494  -1.262854466  0.836415505  1.731597899  0.02222220906  -0.4939086423  -0.2906552938  1.425251007  -0.1990951957  0.01122426392  0.4621360434  1.270350861  0.1304154877  -0.8441718701  -1.106492867  -2.15616342  0.5362109609  1.921025947  -0.4561822429  0.3078053241  
-1.365926198  -0.8871472346  1.191594051  -0.369434646  2.043647078  -0.1824419779  -0.344943005  -0.6259651383  -0.9670716649  -0.4139429258  -0.6662850723  -0.6998499658  -0.6389231882  0.2831999311  -0.4826985173  1.464093338  -0.4769103143  0.9137697686  0.2579089887  -0.1264206907  -0.8128116225  1.429005013  -1.713237912  -0.6299991542  -1.092351503  0.6779041619  -0.7188844487  -0.1554865505  -0.7748804358  1.685233156  0.9356005541  0.3795190911  -0.2072103776  -0.3901024232  -1.084959016  
1.620661774  1.142476223  1.366773898  0.1025773144  2.091534425  0.9652696038  1.431436174  -0.5466459575  -0.4944438442  -0.3678708609  1.943581842  -1.512346522  -0.3251275184  -0.394623637  0.01252923391  -1.522223394  1.51745854  -0.7395628124  1.70577887  -1.059867497  -0.4779639764  0.4489583943  -0.6598178467  0.1061382024  -1.217050491  0.4918587986  0.3986028789  0.4242082493  0.1112140529  1.096830463  -0.3505038183  -1.255789028  0.9478840174  0.445389426  0.2575460138  
-0.6886622649  0.7564226909  -1.809287291  0.4710935787  -0.9421038596  -1.63566539  -0.145492601  0.6704413425  -0.6380465473  1.387413142  -0.07370600092  1.040410403  0.3630385847  -0.3571564257  -1.76084002  0.07996398396  0.3904332134  -0.03068211759  0.325031676  2.036147784  -0.4042898849  0.6641353785  -0.1466167915  -0.9964802448  -0.8069383474  1.057657676  -0.4248761746  0.2281952186  2.216141251  0.3606601167  0.4580394746  -0.5418798129  -0.3929854973  1.213941909  1.62514155  
-0.3597394073  1.261192657  -0.431570308  -0.2687563261  0.4788171531  -0.03728337669  -0.7979116287  0.2928313318  -0.08918843396  -1.336429822  -0.7347185855  -1.223116285  0.9154695589  1.552320895  1.235526341  -0.2335512452  -0.7871581566  -0.6118804641  -1.410572632  0.0742164875  0.06347141196  0.9068633585  -0.9122285519  -1.06443978  0.413046903  -1.46160002  1.220895884  0.5463714147  -1.09682208  0.07704606657  -0.05907967864  -0.5271983503  -0.7550865106  0.5263020334  1.202392818  
1.477961642  0.7454986092  0.5019754448  0.9122136808  -1.115676097  1.794859896  2.12714873  -0.9257373069  0.3282352862  -0.6374072163  1.163376988  -0.6918476606  0.2682230728  0.569838081  -1.933907662  0.1112329336  0.5648737191  -0.5388337621  -0.3079314158  -0.3365044378  -1.323805119  -0.5883977886  0.9298935677  -1.711205478  1.682862428  0.5702866856  -0.6918897711  -1.308568542  -0.789169377  0.7509486984  -0.06952947764  0.7249210485  -0.7873089763  0.6324498348  0.1254880177  
0.1382675273  1.708897785  1.03152691  0.2821990201  -1.211549403  -1.022444785  -0.4570290382  -0.1693805361  -0.257414402  -1.375200195  0.5437689481  0.5403656012  -0.2429131235  -1.424161062  -1.052998657  -0.03631172424  -0.2857775848  0.9201244862  -1.11368987  -1.578043971  0.1975772874  -0.4098210223  -1.089234675  1.252282698  1.197481676  -0.3924455327  -0.8318275869  0.7650335989  0.8062689463  -0.6821600282  0.2259813667  0.5591960145  1.007252855  -0.6534362028  -1.23521393  
0.771054762  -0.5267791805  1.335554085  0.2051935075  -1.064787671  0.6325333148  1.398492426  -0.5692410399  0.8389933594  -0.04978755978  1.206361113  1.86914677  0.6519351769  0.5227122654  2.299405373  -0.2117902204  -0.6276698718  0.8475855289  -0.3232448641  2.266739726  0.865340871  0.8177651038  1.256501844  -0.327179526  -0.6950683232  -0.312221522  1.928441184  -0.3056870781  0.6828827904  -0.1480383886  1.207790984  0.4376064483  -0.3964995777  0.4822429359  -1.482490967  
0.3883399078  -0.7525619411  -1.100383737  1.29711468  1.681697525  0.4096703841  -0.589041131  -0.24490638  0.303175571  0.3393468097  0.5534002192  -0.28284694  -0.5179069216  -0.9274047386  1.076023876  1.33582712  1.660012746  -0.8543808922  -1.025237173  1.00443892  2.022893612  -0.3661122463  0.09107115792  1.386939253  -0.06257132952  -0.4554099599  -1.470322443  -1.353572625  0.4865876415  0.2332889737  -0.1892231589  1.500369227  -0.1642529836  -0.1276145122  1.232876385  
