19.8412807  27.46644985  19.95131234  5.134310719  23.6302969  2.014866686  45.61603794  33.51823648  49.43732596  7.28794421  7.318505788  4.857769987  21.53241814  20.80133499  34.70073283  3.356695184  7.971123816  14.64040855  32.86016516  3.036283172  12.92621944  5.742169075  28.39384567  14.83908631  3.35722328  1.491930773  28.06282573  37.9202209  29.17877755  12.45355859  17.66257964  38.89307542  12.16188629  9.561493327  2.957089041  
109.801901  86.74428847  113.5344646  45.18250006  26.98823789  9.209714402  48.61399875  160.8156427  26.13911144  61.26082378  219.330282  64.1812219  37.17363517  58.58984721  10.11835888  11.85914485  26.17922918  49.84739127  23.02218593  53.65909428  124.0710049  54.65633721  53.16671528  59.05545703  6.95094359  20.39002966  40.38204888  20.96368685  20.82398842  11.34584677  38.84863926  62.50803521  78.00092998  41.17748788  107.1961059  
14.97749198  18.75905588  60.52203906  109.3998455  7.740282651  82.86735504  44.68307839  29.9526322  0.8077856616  92.24252755  69.7816474  92.2599174  0.6839138198  3.472350669  11.06366169  14.66518479  9.446015246  4.749240928  17.18982407  150.6776832  9.272193822  16.80259709  8.970485763  54.6198194  12.58081663  19.0742435  50.48514389  190.1182351  57.65950341  7.528776151  14.35259601  47.26524031  5.779257036  108.1952248  64.08838341  
11.06449651  28.43197596  10.23132363  110.3384952  9.440893926  7.754369019  21.77885665  85.41183044  44.62529334  11.39247096  0.9184021371  23.09734658  82.99717919  2.538870438  77.45492419  15.06696002  44.6950788  33.35136805  37.09087597  19.73065777  64.73737357  29.70730071  11.16796783  59.39223123  174.9438646  130.7378657  9.948582698  139.4524916  65.72948203  6.937462941  14.28321344  26.18881294  18.16305941  79.58763993  32.0026518  
15.97772982  18.9070771  66.30393668  29.03136233  8.028037649  2.896972164  0.6003760907  40.53699193  38.38391292  34.44408251  5.391801794  3.498207043  21.11639877  2.220105828  59.97244021  13.56248618  47.35611075  105.1269751  153.2824299  80.99496949  80.51439326  4.698736629  96.85841213  62.8987823  41.34015601  185.8682415  158.5267818  126.7607837  4.543998362  30.96120615  86.06236823  40.38953416  77.00570829  38.20168457  41.58988449  
11.01615649  128.1736086  56.15132073  16.39802777  41.11979522  29.94002067  14.37189688  12.93763817  25.8161698  32.28201122  94.72406421  4.624654194  317.0402553  46.78046156  31.53749087  51.13617497  21.39426824  37.63529534  132.9477684  82.652445  30.21933689  46.64558133  26.61595326  10.03854502  30.97812437  1.822418092  4.130188715  41.77544375  4.909887061  40.02792961  47.52193767  88.64162792  111.7998065  43.96484362  20.36511566  
32.11515563  4.631816346  0.1209500138  129.3602623  253.569807  17.05975012  48.60679163  93.37205727  69.79315803  70.93939175  79.00393855  71.83419093  99.09534677  30.08793129  37.06786139  122.2969036  16.48689618  10.55443225  111.898599  83.67927107  30.04463054  39.71295342  59.24289765  8.702036515  2.135914665  124.3582755  41.07522137  11.90295883  19.79848295  28.50770215  46.04488105  3.792789453  29.94501935  31.68649211  50.64396078  
116.8321406  18.85107298  55.75071008  5.025145207  146.6888357  42.33525553  11.60052339  27.51712035  39.28982131  10.60108534  73.16839553  60.70498012  8.588624149  9.915541795  48.48949963  29.59611355  21.40802216  205.4697574  19.25916209  23.52625839  28.07751347  15.80206699  58.45907663  86.02464442  119.2754062  22.47159888  33.04963356  6.550223637  0.3741365774  77.62964392  116.7101113  20.9141066  34.59434728  35.61772893  25.49201659  
13.46863709  58.72141018  44.04544051  28.75813953  22.11546955  8.058328248  88.7064313  53.33101026  117.32983  4.195217449  5.60027527  72.21060097  2.358555616  34.88104861  146.3918219  29.07937152  76.73694508  88.18989381  50.13479542  22.76214131  19.57948405  1.552715453  33.99062915  5.269335127  189.4824933  3.543365646  20.73951943  1.303248737  2.181767374  88.72581175  57.51446767  112.3208665  59.3467802  4.410968958  113.3079514  
75.98959664  4.847707689  44.2499587  44.97714018  59.60300129  20.89833911  41.10251711  55.75578106  21.56694816  138.6090065  7.899295909  112.5310222  1.93927978  98.55638645  11.18908168  90.19109065  10.36381092  88.77724372  19.9867536  6.245971812  25.40893607  48.91415807  29.17370074  47.13040161  19.72811846  52.68998342  65.48519185  54.27520892  16.06755106  29.30052536  20.92079997  53.13061975  60.82280065  0.9188065238  16.37175158  
18.1797777  56.67738341  50.23085746  15.01386288  6.514617107  13.1717896  32.71987322  56.83080924  37.49323485  16.73013662  84.82543604  79.50756374  14.67220841  4.673529006  182.1577526  10.2135238  53.49010339  35.2553061  25.75204771  42.80283701  157.4514481  1.11285692  29.23366982  96.27825786  51.54115174  199.1811627  5.766368523  66.58997088  402.0898459  77.05838203  0.4709282058  20.27252839  11.57120828  67.16551313  52.10137255  
18.74025396  103.3838474  22.79496172  35.73853992  19.05717068  15.45304317  23.20801798  51.95862939  51.66084722  23.8787028  39.74774112  23.1009012  95.35358488  61.30161449  1.215691026  20.42114835  42.90399227  10.97625968  44.69207907  67.04799079  11.45951049  114.7610359  88.77044282  110.6792183  114.8284244  74.23173977  35.98104108  18.83246179  13.58796877  122.567701  11.32252669  59.48517848  51.83647876  132.7902289  70.84680031  
6.343246454  47.30394883  17.50318425  70.8014059  25.4202227  34.31889189  42.56883947  103.9527034  3.433593319  40.81329985  16.28636039  31.71410844  4.021030092  149.8617374  14.76645069  236.0956457  188.7969155  124.9899105  13.05914566  102.2498841  67.07083645  39.4695282  47.76976946  64.37336221  47.7090927  9.979234508  82.24796149  1.717028206  2.584397077  5.784579899  26.35274863  15.22654904  17.76955003  45.27288742  81.17272001  
74.50977177  2.240431991  195.3709668  61.94906358  19.67418065  158.0822722  54.20257724  9.220786295  34.76679542  178.500286  64.63491183  88.30675313  44.70206126  7.366468936  25.93166447  25.47733918  10.75353317  2.191273982  54.03032403  15.36347537  183.5437693  123.5176188  34.46093594  15.83653655  181.3835962  4.681280755  22.52957956  41.02791951  13.17883445  35.2219536  25.09872018  45.28145001  58.29946144  91.99146545  13.05760333  
58.97322793  24.07474539  101.7652037  7.791625452  191.9165307  184.5085692  46.45371678  2.472849615  86.10872072  54.86955624  1.00888509  42.77355869  8.313058807  342.6368946  46.50064716  126.415014  130.7646132  43.09433631  1.201119105  112.4528695  10.74900986  29.91373744  1.134096393  106.6113695  2.421335893  19.56504186  22.64406824  106.217636  27.0819169  115.0963255  3.185616105  9.466936081  39.92693461  1.417782815  4.645281845  
114.8733545  50.54634167  11.61785786  42.22411785  7.149141649  33.8688439  181.3501913  123.7423061  34.74033079  11.01811991  38.91651179  112.0478573  29.04309148  4.833497714  6.657621808  74.22801643  20.34130857  44.67337169  151.6967683  81.30276596  13.33633582  56.53695078  21.38917869  87.57334967  15.84360138  60.53201046  55.3263543  16.54328252  137.5494269  76.11557115  43.96837887  6.547106234  49.06053297  115.6374111  108.2070229  
62.97632714  118.8307022  19.6906321  8.68945636  31.43962153  11.62403585  1.981981588  8.43375437  34.41982803  55.53928593  30.25912544  21.78560019  14.68049365  8.25415417  117.4556346  25.56277499  47.12039682  66.17057539  14.21605175  5.205526595  95.04699213  194.4176689  55.82827568  34.34478414  30.48073452  1.051914007  39.59337263  15.46658574  2.18339114  53.96845149  27.33572005  48.00890464  97.0813493  30.17738903  120.5240848  
2.02163854  1.84886119  53.4112225  129.0533423  62.92995122  129.6330455  10.47841874  19.76073763  92.82963821  80.37312578  12.40871965  19.73410074  15.59071632  29.57606839  45.21190233  21.35730166  10.03987002  1.158317935  26.95129741  8.066025926  13.27539403  55.44367009  78.88875922  75.52734698  3.685978971  2.831289146  47.27397455  101.3458994  48.77620248  26.58903475  114.7064187  40.6135616  52.32729699  42.68067661  23.12976494  
28.71229053  33.36784719  38.35344205  11.29091598  38.55865486  83.43153664  99.47325297  59.90027059  136.0473298  10.06950926  77.49223052  18.82229559  54.04514911  13.00731507  18.00128762  54.02898744  74.49380675  1.984313617  7.368492636  40.63918019  20.58331537  13.87392757  98.4417103  12.277236  24.62625106  2.46735043  28.19446595  43.47141811  20.09639791  25.66750211  242.2688548  42.94286829  89.77641138  7.403174119  127.5757641  
120.9487426  76.36007829  66.81051149  58.841603  16.12603595  33.6737996  41.08061561  19.63405519  151.6273281  17.97339428  77.44550967  9.378835501  35.43949653  55.10008954  26.85324797  8.671401179  104.8130883  80.74352588  39.41479052  8.445544943  42.2902424  99.74853995  7.073625136  14.11903082  13.20805918  166.6336472  59.63659613  91.78025316  40.2702324  20.76689247  10.64009328  75.06051742  1.960685327  23.89267763  33.41031154  
31.62358828  62.75960689  19.98044019  72.75145764  85.87410054  108.7533567  170.7963185  96.6618921  23.57102698  2.130898382  46.39390339  145.4832208  54.46821686  79.59175054  121.7193194  9.313685217  99.04251374  78.1003691  45.03831363  31.52165598  14.48874  30.37068874  187.2701936  4.877678312  31.6543295  1.210134393  104.7854704  11.37966642  77.75678885  143.1604573  47.23464991  4.382549086  18.23946888  111.1388036  48.78859748  
148.4707089  150.8171506  33.3308901  61.43340817  29.52335425  122.0574973  40.54778095  33.0963431  61.34823344  195.2936383  121.772195  2.20748873  3.514777823  97.27298557  10.63472649  104.7677297  129.8095747  16.99093011  41.9978614  15.70051915  10.18147771  111.8657806  87.76480667  36.28118513  34.42179478  7.710694655  139.3961558  0.130227946  51.59052124  68.69312991  50.80314106  54.16547336  58.18283701  11.67609249  35.3396793  
4.88315344  4.858706696  97.56213577  20.02919941  7.669919002  15.91131614  9.307308602  14.41436871  7.545683499  18.71186217  17.37337806  62.79657648  185.7092147  44.6460788  9.297230891  17.28164552  20.92323249  39.49424408  58.96456607  77.16174804  110.0316684  28.76964976  72.91256035  21.30120212  28.6692137  24.91302518  11.81779467  31.37318892  31.28728835  87.50291241  97.8454321  168.7160958  0.9451402399  72.48442298  3.16593569  
112.5624837  29.0746217  22.24586933  53.27611962  28.76398563  39.81800192  64.43418865  25.55481954  27.68133397  27.93839436  20.14746591  35.39260336  55.27900737  9.134344987  71.46834023  110.2157502  7.566805887  21.81619611  28.7737724  39.55240929  49.12181597  54.45780285  5.119687824  128.8252748  19.89335974  87.00824841  113.6367205  45.34621505  130.1321561  23.60377237  57.28682234  125.9077743  10.49394184  19.35047914  22.88468811  
0.193696284  134.6425271  6.940736676  105.0213062  110.9157114  35.31805873  81.43282063  12.43346779  17.07343821  55.81045774  26.30203503  44.29724969  35.28457205  19.79918397  118.2852189  0.2798225098  4.205489876  38.03812621  148.3416215  101.0455834  3.036715959  13.01185504  5.805208046  16.24765742  47.7200301  1.110547833  8.5698767  5.511488542  11.13411355  19.5697411  13.11670973  29.75559819  359.8182159  117.1972498  12.27092491  
