4.750321497  4.065709384  20.91205681  -3.274706362  
4.380513491  3.749197779  8.44963017  -1.920027402  
4.107312029  3.51536987  4.051234842  -3.749677014  
3.763136986  3.220797027  3.656312402  -2.550907905  
3.676921492  3.147006834  33.64314168  -13.49671794  
3.402739377  2.912339602  17.46351681  -12.63999176  
3.377841869  2.8910303  9.043414156  -3.009440363  
3.225287517  2.760461946  7.543198746  -8.348754601  
3.225158474  2.7603515  4.663184206  -1.934237899  
3.092927534  2.647177566  3.878045921  -2.204543664  
2.997543687  2.565540355  4.542974127  -1.734565361  
2.748861417  2.352697952  1.900809828  -1.365532543  
2.720052584  2.328041022  19.92558192  -9.590251458  
2.703525157  2.313895513  17.91583347  -9.380592736  
2.692059303  2.304082108  2.129548337  -2.102000166  
2.687095804  2.299833945  2.046724409  -3.53402777  
2.680109375  2.293854394  10.12480979  -2.126413744  
2.677758186  2.291842055  3.455460388  -0.9167382294  
2.622013864  2.244131556  1.138066815  -1.886076398  
2.599938043  2.225237283  4.989418305  -0.8795914789  
2.567574363  2.197537827  6.962299743  -7.930548116  
2.554207116  2.186097056  5.215165383  -2.919136252  
2.553477033  2.185472192  14.88347034  -3.225158241  
2.527685215  2.163397468  2.512103718  -4.951417041  
2.450317345  2.097179786  6.733145503  -4.406508252  
2.438043515  2.08667485  16.26895027  -5.655413391  
2.416936182  2.068609487  6.825730045  -2.687097808  
2.405911003  2.059173247  7.37587655  -0.5903258179  
2.384941609  2.041225943  1.531760962  -1.463755154  
2.336810354  2.000031322  4.328624835  -4.093953979  
2.295589247  1.964750965  2.243144275  -1.104747515  
2.258981325  1.933418944  1.330185566  -2.167645258  
2.256983014  1.931708627  3.916253019  -3.709331226  
2.218525115  1.898793247  1.976996766  -0.5666232557  
2.202899879  1.885419906  1.249406724  -1.664541866  
