  1   1 0.07711256
  1   2 0.02402556
  2   1 0.05349746
  2   2 0.03703676
  3   1 0.02182725
  3   2 -0.02403244
  4   1 -0.00423977
  4   2 0.02315363
  5   1 0.02695687
  5   2 -0.00699071
  6   1 0.00703087
  6   2 0.00569764
  7   1 -0.01778726
  7   2 0.02839522
  8   1 -0.00977162
  8   2 -0.00055532
  9   1 0.10046717
  9   2 -0.02535500
 10   1 -0.02962082
 10   2 0.01214799
 11   1 0.04788612
 11   2 0.00021037
 12   1 -0.02688291
 12   2 -0.00474329
 13   1 -0.02654041
 13   2 0.01285712
 14   1 -0.01111753
 14   2 -0.01526368
 15   1 0.05339969
 15   2 -0.02634907
 16   1 -0.01154905
 16   2 -0.00783649
 17   1 0.03296088
 17   2 0.00645436
 18   1 -0.02343603
 18   2 -0.00949995
 19   1 -0.05001767
 19   2 0.02607121
 20   1 -0.00348330
 20   2 0.01675701
 21   1 0.01200889
 21   2 0.04770010
 22   1 0.01286209
 22   2 0.00921992
 23   1 -0.02172983
 23   2 0.00721084
 24   1 -0.04657596
 24   2 0.01257551
 25   1 0.05290304
 25   2 0.01680536
 26   1 0.03049492
 26   2 0.00364525
 27   1 0.01346809
 27   2 0.00900356
 28   1 0.00406666
 28   2 -0.00829964
 29   1 -0.02004095
 29   2 -0.01144554
 30   1 -0.00054091
 30   2 -0.01756880
 31   1 0.00260799
 31   2 -0.01109189
 32   1 0.00250000
 32   2 -0.00127188
 33   1 0.02597809
 33   2 -0.02766773
 34   1 -0.05907458
 34   2 0.00356209
 35   1 0.00210111
 35   2 0.03845490
