  1   1 0.03502677
  1   2 0.00876851
  2   1 0.05225990
  2   2 0.08017616
  3   1 0.03176168
  3   2 0.01402050
  4   1 0.07806606
  4   2 -0.01462434
  5   1 0.00154239
  5   2 0.01429669
  6   1 -0.00453482
  6   2 0.02414925
  7   1 0.06036923
  7   2 0.01597898
  8   1 0.07441796
  8   2 0.00605724
  9   1 0.05431091
  9   2 -0.00141187
 10   1 -0.04175216
 10   2 -0.00942107
 11   1 0.05331754
 11   2 -0.02999902
 12   1 0.04327262
 12   2 -0.04041042
 13   1 0.00539624
 13   2 0.01274272
 14   1 0.05783088
 14   2 -0.01569041
 15   1 -0.03957361
 15   2 0.04436716
 16   1 0.00460683
 16   2 -0.01795055
 17   1 0.00211092
 17   2 -0.00954072
 18   1 -0.00868483
 18   2 -0.01161857
 19   1 -0.04496884
 19   2 -0.01114312
 20   1 0.00637664
 20   2 0.03491157
 21   1 -0.02184072
 21   2 -0.02697234
 22   1 0.01137879
 22   2 0.02767592
 23   1 -0.02362803
 23   2 -0.00514335
 24   1 0.01514626
 24   2 0.00390447
 25   1 -0.02168985
 25   2 -0.00016038
 26   1 0.01142134
 26   2 -0.01117249
 27   1 -0.00395812
 27   2 -0.00831132
 28   1 -0.00719736
 28   2 0.04205160
 29   1 0.02733076
 29   2 -0.01155417
 30   1 0.00825479
 30   2 0.03666565
 31   1 0.01794234
 31   2 0.03927334
 32   1 0.02063710
 32   2 0.00616754
 33   1 0.05064203
 33   2 0.04028527
 34   1 0.01240097
 34   2 0.00580860
 35   1 0.01488086
 35   2 -0.00776813
