-1.345418187e-14  
2.296045572e-08  
5.677985904e-08  
0.001860202566  
-0.0006216042307  
-0.003602391968  
0.002695009777  
-0.003767568353  
-0.002937374106  
-0.004948765871  
0.0005307738325  
0.0009699355451  
-0.005764082731  
-0.008426777166  
0.002408255485  
0.01206555981  
-0.03065447553  
0.02810394352  
0.0160368019  
0.03403651278  
-0.04453876877  
-0.05734737387  
-0.04548349009  
0.288724438  
0.3188041272  
-0.06386037052  
-0.634849736  
0.485677791  
-0.3684480228  
-0.7747596582  
-0.02686411777  
0.1553201443  
0.0524405417  
0.1869720663  
0.2661603552  
-0.7059725101  
-0.03554855557  
-0.1240584606  
0.2629906622  
-0.1072837334  
-0.6044431333  
-0.3303984928  
-0.0183402674  
-0.1206868574  
0.6535341342  
-0.2506682653  
-1.185511382  
-0.974813141  
0.6419742724  
1.150466869  
-1.687705794  
0.8245836946  
-2.097931495  
-1.723779513  
1.016292298  
0.8654007629  
3.247634582  
-2.904988297  
4.353910131  
