2.253527354e-14  
-4.480151118e-08  
4.052732607e-08  
0.001662542365  
0.0007132667003  
0.0006890280355  
-0.001561045468  
-0.002442748536  
0.003444967698  
0.0005621935972  
0.0006486821136  
0.0008090209953  
0.0001060820613  
0.0004389741672  
0.005528387115  
0.004774802216  
0.0007235885677  
0.004426956777  
0.001718033383  
0.006012606212  
-0.001996145756  
-0.0004710763765  
0.01553125071  
0.05290905183  
0.06413701763  
0.02208460695  
0.1450292488  
0.2400947077  
0.03423624289  
0.09157025811  
-0.345082739  
-0.6783716885  
-0.01729096243  
-0.063450099  
0.425787435  
0.8888072108  
0.2917304942  
0.7908089988  
-0.07560203072  
-0.05471664891  
-0.09199512822  
-0.9282069391  
-1.635586767  
0.3873487159  
0.6594468027  
-2.230963555  
1.748598798  
-0.02281359728  
-1.357984235  
2.893354831  
1.752684248  
2.928473039  
2.372534405  
-1.993557685  
-0.4313063255  
3.270199871  
-1.380709101  
0.1262888958  
0.6671263455  
