-1.593491611e-14  
3.214389664e-08  
-1.791578357e-08  
-0.0008025503943  
0.0008073004259  
-0.002777494263  
-0.003481713445  
-0.0004783761233  
4.70151007e-05  
-0.000372933171  
-0.001445471709  
-0.004685286799  
-0.001490510857  
0.0003051023948  
-0.008593406765  
0.00143162794  
0.001912814033  
0.0007319516633  
-0.008093639054  
-0.000794948305  
0.001497823457  
-0.0003924050128  
0.008970646058  
0.02608765428  
-0.0006041589335  
-0.03256922967  
0.1046148389  
-0.1702862483  
-0.06747852373  
0.0635409524  
0.6383623923  
-1.159475592  
0.4817531661  
-0.9687030994  
0.3710884171  
-0.9561582275  
-0.3201441269  
-0.3449122836  
0.333945559  
0.0661431098  
0.7246894427  
0.4279627329  
-0.1202104978  
-0.2799570112  
-0.09395940959  
2.97883099  
1.891359982  
-0.6894687598  
3.001077726  
2.137743818  
2.816965314  
-0.2623244195  
0.006198312378  
-2.728047706  
0.2958919547  
-0.5741080512  
1.934784029  
-1.197742911  
-2.423344342  
