-2.436696989e-14  
4.363620545e-08  
5.479711997e-08  
-0.004354570181  
-0.003690951008  
-0.005815687531  
-0.005297738678  
0.00243415626  
-0.004760874835  
0.002717905149  
0.006108460071  
0.008336910832  
-0.009636004973  
0.00360997346  
-0.001691158932  
-0.004712884511  
0.007131043047  
-0.04540377675  
-0.008127470322  
-0.03659827626  
0.02967777673  
0.01386760611  
-0.1746443499  
-0.4801935999  
-0.3333650112  
0.3002878888  
0.1534302243  
0.829038708  
-0.418644969  
-0.9479799208  
0.4041884723  
-0.1851756177  
0.3770771836  
-0.4268157295  
0.4473025519  
-0.2911498083  
-0.2206883646  
0.294981015  
-0.008356396101  
0.4603534652  
0.0009347429994  
-0.5669302856  
0.03475039455  
-0.2889029923  
0.3431659086  
0.4297602485  
-0.6449667418  
-0.6061792104  
1.172903666  
-0.5311990207  
0.5591929767  
-0.2351774616  
1.567017192  
-0.114635619  
0.06818096209  
-0.6197856463  
-0.867463753  
3.955488938  
5.76515254  
