2.159790018e-15  
-9.429145584e-09  
6.962316339e-08  
7.069609862e-05  
-0.000966768746  
0.001477465917  
0.005932392829  
0.002776824266  
0.004243617981  
-0.002976447528  
0.001637471727  
-0.002751552871  
0.01256877451  
-0.006089784772  
-0.0002396778381  
-0.005008992044  
-0.003428756499  
0.009916279006  
-0.01242150164  
0.01806039273  
-0.01530117205  
0.01842899511  
0.0625626976  
0.1537789595  
0.07176327829  
-0.245726073  
0.1791903706  
-0.4605917399  
-0.1032464957  
0.5195458498  
-0.1291828285  
0.3004057685  
-0.7221876636  
0.114550816  
-0.2871575566  
0.8287788233  
-0.6001098525  
0.03350826461  
-0.9892248687  
1.692076265  
0.8432724257  
-1.692945169  
-0.3137433304  
0.3264129105  
3.420058391  
-2.115908347  
-0.5579521256  
-0.8419856581  
3.513754913  
-1.294419815  
1.48869116  
-0.1030040501  
-0.4922160329  
0.4006247381  
-0.8939197624  
-1.444245867  
1.62639461  
1.601284576  
2.600806749  
