5.960432435e-15  
-1.331412949e-08  
2.486452424e-08  
-0.000663554372  
0.0007590258712  
-0.002659122077  
-0.0004716449061  
0.001017376418  
0.001049055903  
-0.001918934288  
-0.001121488322  
-0.0002083522012  
-0.005616331313  
0.003091884424  
-0.006006607726  
0.00829846299  
0.00904834085  
-0.01013170599  
0.008755682078  
-0.004316941837  
0.02710718787  
-0.008697226959  
-0.01610059598  
-0.07784395051  
-0.07681436239  
0.0981736995  
-0.06266283704  
-0.2415155774  
-0.2403529724  
-0.2765926073  
0.3704457189  
-3.301834909  
0.03212549616  
-0.1292774257  
0.007814388495  
-0.7342871741  
-0.05711984703  
0.2357840639  
1.190398755  
-1.19266617  
0.9527010398  
-1.35803627  
1.518442378  
0.9773076703  
-0.5350470421  
-2.318941321  
-0.7580865606  
3.264500688  
0.3784427948  
0.2318665296  
1.45810626  
0.4478231076  
-2.083256196  
2.127648564  
2.158946667  
-0.7997705001  
0.00606245053  
-1.538284332  
1.154005128  
