7.460073089e-15  
-1.6408705e-08  
-6.385561289e-09  
-0.001580764788  
-0.001760353209  
-0.00232880566  
-0.00320303462  
0.002298865573  
-0.001302984393  
0.000657642864  
-0.001384472097  
-0.001084404331  
0.004218930086  
-0.002331812375  
-0.002865718377  
0.001465849924  
-0.006326482837  
-0.005560963141  
0.0003457905708  
0.009061750504  
-0.006402281136  
-0.01531343496  
0.02161432511  
0.06235834433  
0.04868178227  
-0.0137926979  
0.06704225953  
-0.1376521942  
0.1394684659  
-0.23456565  
0.161781294  
0.7596615629  
0.150592639  
-1.669230648  
-0.7755228783  
1.989463933  
0.1692377964  
-1.182257849  
-1.267145129  
-3.693350545  
-1.940392777  
0.2482238555  
0.8240962777  
2.732154497  
-1.361024645  
-0.2651177151  
-0.4906708097  
-0.5006514566  
2.981462844  
0.06363796245  
-0.1144634114  
1.610902081  
2.118780242  
0.8724354688  
0.3555963014  
-0.07357722345  
0.8589690786  
0.2505415605  
1.201627203  
