3.154508678e-15  
-1.051691392e-08  
2.172984937e-08  
-0.002271300379  
0.0003703081649  
-0.0001418365222  
-0.0004418522365  
-0.001739409371  
-6.369498796e-05  
-0.0008314406767  
-9.905079197e-05  
-0.006364720982  
-0.004782477004  
-0.003893582242  
0.004810252011  
0.003916666465  
-0.001793929167  
-0.009022942808  
0.01122597407  
-0.008416599666  
0.001506730441  
-0.01980823644  
0.002903067519  
0.04840995892  
0.1169830862  
0.2128443848  
0.1455913486  
0.3906170227  
0.1896448458  
0.2716100534  
0.4572794375  
1.728593043  
-0.7327375443  
-0.300799926  
0.1486093831  
0.2163368201  
3.70797305  
0.5313659665  
-0.0595044967  
-1.903313331  
0.966147945  
-0.326223446  
-2.016902696  
-2.951206732  
0.2529049555  
-0.1554951169  
-0.3160058095  
2.255605524  
1.76927915  
-0.5847744467  
1.758207765  
-1.076748745  
-0.9091292362  
0.5471735851  
2.282057686  
0.2537621373  
-0.452925838  
-1.734628803  
0.3179881474  
