5.081922658e-15  
-1.129293806e-08  
2.391313857e-08  
-0.0003814552519  
-0.0006343213037  
-0.000856489798  
-0.002250018698  
-0.001044355611  
-0.00375683439  
0.002772074736  
-0.005704065575  
0.001167830721  
0.001766028458  
-0.002267019848  
-0.002296133415  
-0.0114533164  
-0.006832019787  
-0.005609876963  
-0.0009193542401  
0.01138224504  
-0.008526426613  
0.004320069338  
0.005568203696  
0.03383643089  
0.01214463643  
-0.02318176832  
0.09813831183  
0.005860864222  
0.1337663156  
0.2055122955  
1.754024611  
0.7602145002  
-2.205025645  
0.5237528528  
2.505034221  
0.5412198104  
-2.883010157  
1.616366791  
0.6246476771  
0.1038901759  
-0.4971588262  
3.372371912  
-1.507960585  
0.8948720546  
-0.4052009994  
-0.8965506963  
-1.708157313  
0.5294916966  
0.6639569104  
1.313402265  
1.278552439  
-1.10319922  
-0.04820829522  
0.8015513726  
2.108519926  
-0.1343450228  
-0.9376684804  
-0.9307769324  
1.243658516  
