-4.729605568e-15  
8.857479778e-09  
-1.910663123e-08  
-0.0002412664901  
-0.005491510501  
0.0001949448741  
0.0001729474721  
-0.002540039255  
-0.00364533559  
-0.01017952888  
-0.003596254285  
-0.001595695433  
-0.001072931255  
0.006887326536  
0.003401456075  
-0.007528712273  
-0.004568484174  
-0.006665795344  
0.003669849715  
-0.0138128016  
0.02052336247  
-0.006486697428  
0.004158262747  
0.0100854681  
0.01199161486  
0.07266794775  
0.1887426409  
-0.1563738224  
-0.389968706  
-0.2835615883  
-3.295345836  
-0.6005215396  
-1.09692624  
-1.945639882  
0.17285833  
1.734663743  
0.1587646955  
2.110506162  
-1.877066596  
0.2823058938  
-0.03937871151  
1.064150458  
0.04281177845  
-0.09100600453  
-0.01187102153  
1.690713791  
-1.696831792  
0.4000022105  
-1.794943823  
0.1417988851  
1.624176595  
0.8937082506  
-2.05635163  
-1.475991236  
1.391065884  
-2.565796993  
0.8500426551  
0.1317285078  
1.203449154  
