1.624986045e-14  
-2.794291962e-08  
-1.1770426e-08  
-9.319435626e-05  
0.003253060346  
0.004432964736  
0.002439056344  
0.006082189949  
0.005297911563  
-0.0006113470103  
-0.001534388274  
-0.000982441703  
0.009308101866  
-0.0007264986858  
0.006216192038  
-0.001476336428  
0.001302149414  
-0.0007497813722  
-0.007303943398  
-0.003297018821  
-0.01371345788  
0.004714823394  
0.03543883755  
0.04974868817  
0.007466392429  
-0.1054204348  
0.0612117054  
-0.317969939  
-0.03296981213  
0.1519926301  
1.478768205  
0.8567155602  
1.550448105  
-1.33471961  
-2.952046729  
0.1594744842  
-1.836232706  
1.751206013  
-0.02399271153  
1.249497807  
-1.868268787  
-2.916965493  
-2.070039798  
-0.798594129  
-2.155491895  
0.8270668028  
-1.465583197  
0.9248972339  
-0.9167334997  
0.7899887092  
1.128165951  
-0.5591596689  
-0.7659395511  
0.2725075935  
1.494082901  
0.3005698266  
0.8310413769  
0.2578919397  
1.514416983  
