-1.336661848e-14  
2.794204194e-08  
-2.050513695e-08  
0.0003955244781  
0.000317913481  
0.0009650554153  
0.002114693274  
-0.00169202331  
-0.0005100863006  
-0.003045862879  
0.002849408202  
0.0001853876793  
-0.01143527539  
-0.0002538243859  
0.001065562754  
-0.006062148007  
0.005382048415  
-0.004686925509  
0.005110229291  
0.009279402424  
-0.003070745936  
0.009422803496  
-0.004642975026  
-0.01128576854  
-0.01277865973  
-0.05386577051  
0.004735547837  
0.111367623  
-0.06311211427  
0.4109966187  
0.710388074  
0.7595501576  
3.115893868  
-2.798244164  
-0.5344288392  
-1.712656724  
-0.5645331372  
0.8892022965  
-1.452609497  
-1.58910419  
2.019095482  
2.148092825  
0.8277926991  
-0.2056747928  
2.23195524  
-2.120956282  
-1.355402403  
-0.821152644  
-1.574698748  
1.095803409  
0.4886729319  
-1.172613279  
-0.5972283408  
-0.0584370723  
-1.436474766  
0.257892327  
-0.8780019286  
-0.6217787609  
-0.5663795778  
