2.660095498e-14  
-5.554411054e-08  
-1.142961177e-08  
0.001403059149  
-0.006062723844  
0.005659581846  
-0.002763051791  
0.01341859772  
-0.004317149519  
0.01437716231  
0.006332825759  
0.001084594687  
-0.002278860374  
-0.02260506713  
0.0005790001765  
0.01241921534  
-0.009979844757  
0.01991994798  
-0.005470092158  
-0.02444379218  
-0.03933812163  
0.00827058706  
-0.06427239109  
-0.2671003487  
-0.2880636912  
0.3257605191  
-1.026686061  
0.06489004218  
-2.236176214  
3.781916682  
-0.933721669  
0.2705468085  
0.1157544471  
1.083722461  
-0.003367093549  
-0.02210621891  
-0.599735907  
0.8522188089  
0.4269815148  
-1.481048598  
-0.8330177291  
-0.03558039096  
0.4474714178  
-0.1430260356  
-1.561527248  
-0.6467251271  
0.4357068081  
-1.486260744  
1.033065464  
-2.477672442  
1.282357542  
-0.1420211319  
-0.7528127782  
-1.84914386  
0.8467708919  
3.416521118  
-0.3256879979  
0.2632234291  
0.5034542337  
