-3.209993698e-15  
7.693366424e-09  
4.624659833e-11  
0.001474660198  
-0.0006973760371  
-0.002532003008  
0.001589515899  
-0.003601007519  
-0.003020359823  
-7.036582033e-06  
-0.0003929853486  
0.004130200415  
0.001279350143  
0.00188714753  
-0.002285916276  
-0.00888091474  
-0.0005955251027  
0.01709417029  
0.002933370282  
0.02214035144  
-0.02318009648  
0.01638101158  
-0.03529520775  
0.01889141865  
-0.03731442134  
-0.350508996  
-0.1140756092  
0.1056465082  
-0.2644643001  
0.0969507981  
-0.001502829361  
0.4661028825  
-0.0611526643  
-0.1066611088  
-0.2744932302  
0.5115297706  
0.1311434768  
-0.01159923349  
0.181464667  
0.09940573724  
1.158019592  
0.1730914647  
0.007083888388  
1.458603992  
0.6308349699  
1.129585503  
1.534742347  
1.573380614  
-1.679361729  
-0.6082124666  
0.7099901295  
-1.620275191  
2.266159886  
1.279866304  
0.6746062596  
0.3457992199  
3.351924579  
-1.799231342  
4.81846036  
