2.427523318e-14  
-5.049838617e-08  
5.059654846e-08  
-0.001825669186  
0.001656630159  
0.0004468547712  
-0.0008789156858  
-0.001029605759  
0.007227393617  
-0.004648878404  
-0.0003602079613  
-7.196584017e-05  
0.005489010611  
0.006554805665  
-0.0038208288  
0.001619520546  
0.004947800239  
0.0004336460493  
-0.005565484363  
0.01569568803  
0.005247980653  
0.02001175934  
0.03402500581  
0.1217881456  
0.08860914597  
-0.1179437947  
0.3455003912  
-0.0046783913  
0.1200969497  
-0.003564530903  
0.090559901  
0.2296137022  
0.4527788419  
-0.1419520097  
-0.2467756778  
-0.9852832338  
-0.1280559899  
-1.172631892  
0.8061844384  
-0.1578269938  
-0.2020334286  
0.7429949413  
-0.3057580799  
0.2473014724  
0.1991978938  
-0.2887040876  
1.019582628  
-1.635037797  
-1.276990724  
-2.790852872  
1.596441381  
2.208567692  
-1.075308156  
-0.6075544144  
4.718730087  
-0.3574183447  
-0.7071125859  
2.055073051  
2.194296509  
