-3.070389949e-14  
5.886382958e-08  
3.834198854e-09  
0.000825759242  
-0.0004658546766  
0.003762184728  
-0.002694007952  
-0.0009268896612  
-0.0004638067088  
-0.004581387699  
0.001166951912  
-0.001032200369  
0.003178589191  
0.006081321235  
0.002226552765  
-0.0100123867  
0.002703373082  
-0.004382667314  
0.001486874178  
0.002350555088  
-0.008084975652  
7.265773984e-05  
0.02162598263  
0.04630766277  
0.05276916977  
0.04831727285  
0.1430805798  
-0.05157271344  
0.00564828748  
0.2088801906  
-0.08643143746  
0.1302174778  
0.03037382426  
0.4594798516  
-0.7011139279  
0.2388315674  
0.9263076902  
-0.2897296907  
0.1123306344  
0.5527220051  
1.159803019  
0.1281032157  
0.1135639095  
0.9734476064  
-2.019782308  
-2.137850596  
-0.1810137054  
-0.4365253277  
-0.005999760901  
1.283829961  
-1.262989573  
-3.045270697  
0.9374570702  
-3.9836305  
1.886878291  
-2.618112862  
0.9611120101  
1.933065076  
0.760281055  
