-2.30541759e-15  
4.392140962e-09  
4.208976091e-09  
0.000218403846  
0.0001119989938  
0.001844920383  
-0.0002231950694  
0.0004606096851  
0.002447989318  
-0.0005205458291  
0.00290553636  
-0.000640135451  
-0.0007864216108  
-0.002256451166  
0.003201791401  
0.0002457129555  
-0.01091876646  
-0.001746030007  
-0.005203389501  
0.01702811169  
-0.008110700356  
0.004046176962  
0.02000627045  
0.09497724948  
0.09787881454  
-0.04820988812  
0.06236917225  
-0.08600403563  
-0.05853366366  
-0.04373049039  
-0.1400430253  
-0.08277097047  
-0.1544529866  
-0.05622104092  
0.1048394288  
-0.00552321398  
0.1259557136  
-0.3886897536  
0.2885020367  
-0.635736205  
0.1505102139  
0.4377985842  
-0.7223900356  
0.1922309875  
-0.5087261626  
0.1431375365  
0.6481278029  
0.3116264997  
-0.225109512  
0.8997661558  
0.1782698069  
-0.9253456078  
-2.486937124  
0.9564042915  
-1.756258402  
1.552755505  
1.512214967  
6.056600357  
1.807900296  
