-2.978706482e-14  
6.048364702e-08  
-2.62613011e-08  
-0.0004082307297  
0.002624266001  
0.005428275482  
0.0009182215108  
0.003642977992  
0.00255869294  
-0.01140289014  
0.006880675259  
-0.002824418917  
0.0008434768223  
0.000193083842  
0.006326883079  
-0.0004865791936  
-0.005773005487  
-0.009691784891  
-0.0009676486589  
-0.01499514965  
0.00175230563  
0.0001516625704  
0.02311786669  
-0.03579162148  
-0.07546305109  
0.02762305317  
0.02088183236  
-0.352990875  
-0.1805226154  
-0.5002809474  
-1.189884562  
-0.4009435118  
-0.2153891639  
0.4956624691  
-0.7755893861  
-0.4604027863  
0.3882632488  
0.1101696845  
0.7102412606  
-0.5962033395  
0.3157781143  
-0.3777019012  
-1.07196793  
0.4652954947  
0.7193056014  
0.3312927711  
-0.9289898723  
-3.164410703  
0.2711702545  
1.892837786  
0.2401382501  
-2.848656855  
1.186626621  
3.299512096  
2.678548142  
2.135507131  
-1.289060768  
-0.9324370435  
-1.556666138  
