-4.658924756e-16  
-6.732174362e-09  
6.557044377e-09  
-0.001150979029  
0.0001146612  
-0.003796612191  
-0.001462460445  
0.001159632322  
0.001106301487  
-0.005129592521  
-0.0003064960667  
0.001870130395  
0.005921878045  
0.01141167797  
-0.00645183386  
-0.01261867024  
0.006364413408  
0.01600749171  
-0.004189650535  
0.0340778716  
0.001713666778  
0.03987524847  
0.008153501019  
0.04500968842  
-0.05259959376  
-0.5173235397  
0.0560717086  
-0.235373537  
-0.1446094686  
0.09670942556  
0.6023737663  
-0.900214182  
-0.3406741976  
0.08826282952  
0.7967488495  
0.160326681  
0.5088890338  
0.365734265  
-1.413628539  
0.05716975631  
0.4399185433  
0.3489326939  
1.291114298  
-3.548048925  
-2.265042166  
-0.7564291886  
-0.2209164886  
-2.000604868  
-0.1877648152  
0.6401928661  
-0.2089577935  
1.299885946  
1.853468917  
2.046394829  
0.1965997323  
-0.009279054583  
2.378346432  
0.6278131758  
3.669888478  
