2.461050541e-14  
-5.157779306e-08  
1.101000857e-08  
0.001915546302  
0.006670851572  
0.00238789027  
-0.0005568102955  
0.005670014965  
0.001860321527  
0.004981706418  
-0.001820661116  
-0.003463605192  
-0.002560061957  
-0.006274481918  
0.002699728746  
-0.003161266066  
-0.001596259239  
-0.00759011813  
0.001424348803  
-0.0105606963  
-0.005823882209  
-0.008014838348  
-0.0118680033  
-0.1193724516  
-0.07077426398  
0.1877030135  
-0.1571324546  
0.2072526386  
0.1464968341  
0.2480907805  
0.7282195037  
0.6098273951  
-0.2539310967  
-0.4971622844  
0.1485415836  
1.123466767  
-0.4389038394  
1.377483061  
-1.117253612  
0.1807450025  
2.16580626  
-0.9688286982  
0.3006035535  
0.7990356606  
-0.1589689727  
0.5215006232  
3.039392893  
-1.081498716  
0.4089678314  
1.440630002  
-3.051294537  
1.616835953  
-2.600816495  
2.141145644  
2.714093938  
-1.24225694  
-0.8637207032  
0.2642613875  
-0.6779318152  
