-3.376418412e-14  
7.057385332e-08  
-1.376090374e-08  
-0.00111822981  
-0.003215929949  
0.001487000121  
-0.004676490927  
0.002819871808  
0.003019694338  
-0.005924511309  
0.01001818738  
0.001424574034  
-0.006599552955  
0.01031642097  
0.0006537855763  
0.01296741453  
0.003551882893  
-0.00406088441  
0.006013052131  
-0.01677705286  
0.02806199558  
0.004802875669  
0.002257518735  
-0.005309444415  
0.0445288198  
0.1729894862  
0.317853621  
0.253555933  
0.04094154888  
-0.01611208299  
-0.3142241591  
-0.6059391541  
0.03640425226  
-0.156918962  
0.1871262362  
1.322106707  
-1.992904196  
-1.501654606  
-1.401371736  
-0.7749478742  
-2.383192427  
-0.3220738949  
1.141744224  
-2.429303994  
1.480763387  
-0.92469146  
2.644209201  
0.5839240785  
-0.5552480119  
0.3969589795  
-0.449956836  
-4.045072851  
-0.9776623482  
-0.5291434932  
1.898514624  
0.7439489589  
0.03444500148  
-1.431996437  
0.5019133756  
