2.377716853e-14  
-4.835323694e-08  
-4.600485532e-09  
-0.001535014507  
0.0002316578084  
-0.0007613421655  
0.002424054605  
-0.0001451219745  
0.003134630544  
-0.002667782135  
0.002393203321  
-0.003354593747  
0.005169056643  
-0.00285295373  
-9.212468575e-05  
-0.002361999246  
0.01974081831  
-0.003360356754  
-0.0004173450245  
-0.002234876786  
0.004866857905  
0.0270065409  
0.01059830944  
0.004111312415  
-0.03216602349  
-0.1015380873  
0.2155771749  
-0.04373867564  
0.1532037985  
0.2045968389  
0.6937960304  
1.403089068  
-0.7993708432  
2.06704327  
0.6370912633  
-0.4875978024  
-0.1929518267  
-0.374565376  
-1.502558041  
-1.221910305  
0.7015397059  
-2.255424783  
3.052937856  
0.7225511728  
0.6391695243  
1.753190204  
-2.110060509  
0.1393868429  
-1.653084614  
2.048448819  
2.181786411  
0.08457086271  
-0.7629071772  
-1.749144231  
1.100712607  
1.483173024  
-1.227499429  
1.726419665  
-0.1510556065  
