3.492147877e-15  
-7.343129346e-09  
-9.426094243e-09  
-0.001409541406  
0.0001611487703  
-0.00114082966  
-0.001916911108  
0.001050604149  
0.0005612737036  
-0.002012999321  
0.002825922092  
0.0008951586309  
-0.001626832372  
-0.0004348611659  
-0.001126140592  
-0.001662926566  
-0.003888487193  
0.00179760011  
-0.001497819316  
-0.003489588235  
0.004941849753  
0.008335979362  
-0.009427080139  
-0.004429369095  
0.00363504345  
-0.06954761403  
0.05835809366  
0.1575426823  
0.1025377923  
-0.2996306345  
0.03433900758  
0.2415285913  
-0.0863260349  
0.2028405035  
-0.02006390801  
0.3943431957  
0.2375083633  
0.04317751006  
-0.07847208487  
0.04379026283  
0.1451031014  
-0.3065367791  
0.08130967438  
0.7048200927  
-1.555434781  
-0.5610508581  
0.9129828689  
-1.677561795  
-0.2525927283  
-0.6141580879  
2.28754295  
-1.123097657  
-2.227280424  
0.2363575936  
-2.70454906  
-0.5833559507  
-2.580681371  
-3.93648846  
3.214242236  
