-3.728106801e-15  
7.880293214e-09  
-1.913528342e-08  
-0.0006014682868  
3.650444996e-05  
-0.001269365748  
-0.001634443001  
-0.0004219056066  
-0.002697583931  
0.003271118579  
-0.001811872308  
-0.0002409726827  
-0.002487341611  
-0.002193114743  
0.00817899211  
0.004536706895  
0.009618108619  
0.002706305273  
0.0004061965567  
-0.01420868843  
0.00171568407  
-0.01315655482  
-0.0214450059  
-0.09202396698  
-0.07732817764  
0.2434752729  
-0.3668852148  
-0.002939029314  
-0.1953904077  
0.4544646534  
-0.3137509975  
0.9429196835  
-1.023429226  
-1.700953611  
0.4361168968  
-2.175459911  
1.022279076  
-3.129456073  
-2.235657015  
3.086646162  
-1.137728235  
0.3227378731  
-0.0126313836  
0.9762095466  
-0.9845057309  
-0.8827042651  
0.08912538348  
1.135948881  
-0.1224506044  
2.446555768  
1.344073137  
0.5132564868  
-0.2287432196  
2.639556808  
1.027083148  
0.06100750706  
-0.4685668072  
-0.737378898  
0.194200549  
