-1.66346727e-14  
3.450653276e-08  
-5.121488248e-08  
-0.000293454936  
0.0007435800568  
0.001452619905  
0.002544807016  
0.00133206024  
0.003115713622  
0.003751262393  
0.003072227153  
0.001485932357  
0.005161992362  
0.002360349018  
0.001839978186  
0.002530689457  
0.001200232932  
0.005338882424  
-0.005864955111  
0.001766819917  
-0.003299430448  
0.01197981687  
0.01198505697  
-0.0166145521  
-0.01115990659  
-0.03510045613  
0.1181492335  
0.135984132  
0.1784237691  
-0.2505840067  
-0.9296123582  
1.451011509  
-2.739752238  
-0.3615903499  
-2.976370926  
-2.669232202  
-0.4698390043  
2.454352345  
1.651881096  
-0.4952326834  
-1.059419291  
0.8139874119  
2.704084492  
-0.7482089766  
0.2247678122  
-1.117243926  
2.256945524  
0.3925534493  
1.007664604  
1.149706246  
0.4102870666  
0.64629734  
0.7061171486  
0.1572130403  
-0.9045497116  
-0.5777764186  
0.5257935749  
0.7172052067  
0.801260865  
