-4.903917588e-15  
2.411968306e-09  
7.491659126e-08  
0.001596574916  
-0.0001138441645  
-0.00123965176  
8.300786345e-05  
0.004601253429  
-9.159200763e-06  
-0.002780034388  
0.002218834515  
-0.003991096999  
-0.003806498459  
-0.002157739045  
0.006032692706  
0.001815585971  
-0.00113768598  
-0.006743326955  
0.008427314726  
-0.0242400329  
0.00440699241  
-0.02288504065  
-0.01890011589  
-0.08259880806  
-0.08063014914  
0.1507600927  
-0.2576153018  
-0.2537108162  
-0.005650155041  
-0.8913831088  
-2.240552276  
1.851414311  
1.486821626  
2.036998983  
-0.0640132462  
-0.564326508  
-3.241346558  
-1.492021426  
-0.5480362059  
-1.184039314  
2.554296498  
0.00467252384  
-1.377003722  
-1.520133245  
-1.78729172  
-0.8770457374  
0.5035073532  
1.757106996  
1.280796921  
0.3665464262  
1.106023805  
1.729711389  
0.7938929126  
0.47541356  
-0.09128410026  
-1.081232392  
0.8091027197  
-0.8659454765  
0.2079775491  
