-3.048829171e-15  
9.528213949e-09  
-4.268730667e-08  
0.003450676905  
-0.0008032656716  
0.001579896474  
-0.0002468095784  
0.001906262175  
-0.0008362632753  
-0.006044519902  
0.001836657468  
-0.005319430146  
-0.002906297778  
0.006166466559  
-0.009195438583  
-0.01351990611  
0.005396727154  
0.01134466498  
0.00124992082  
0.03929657565  
-0.001227188756  
0.00724817029  
0.04067489596  
0.02247115286  
-0.01938355639  
-0.2932411843  
-0.3090797044  
0.1869753508  
0.8085283583  
0.6697706336  
-0.7556592993  
-0.6141510804  
0.3253078452  
-0.2860608275  
-0.05996637236  
-0.3530440369  
-0.2786517806  
-0.1179528173  
0.207505703  
-0.01529401825  
0.06362465289  
0.04815029673  
-0.1111520498  
-0.1422961242  
0.09264155993  
0.8770772791  
-0.4183264395  
0.6468500907  
1.07414019  
0.5865611667  
-0.8953693293  
-0.4270599346  
0.3228356838  
-0.3559044939  
0.4992896632  
0.2945540371  
-3.890936562  
0.7175441363  
5.954325866  
