-1.607667541e-14  
2.512434478e-08  
6.407731495e-08  
-0.002566538161  
0.000219366641  
0.002469154173  
-0.00175987732  
0.008893595282  
0.0009385175852  
-0.01004595818  
0.00407140707  
-0.004122379209  
0.003470222259  
0.004233900111  
0.002120645791  
-0.003543473604  
-0.004565584498  
-0.003479092481  
0.005488726763  
-0.0001445798139  
-0.009445553871  
-0.003295278655  
0.03395241055  
0.06494399754  
0.04838197388  
-0.157904212  
0.2370649745  
-0.2065557013  
-0.1200650626  
-0.1252330051  
-0.1245384781  
-0.6213907986  
-1.594058564  
-0.6155468931  
1.835741842  
-3.852224857  
-0.6216116443  
1.163851978  
-2.700570988  
-2.064450478  
-0.3585656068  
-2.292395431  
-2.57268458  
1.094827465  
-0.5630343527  
0.03262031338  
0.9961922439  
-0.1385604183  
-0.5630646394  
-2.394086592  
-2.056607344  
-1.306872053  
1.075945667  
-1.314343151  
-0.9093556774  
-0.9316396797  
-0.1113015539  
-0.3497508521  
0.06491686643  
