-3.368399772e-15  
8.116694125e-09  
-2.097271389e-09  
0.0002861358344  
-0.0004882115074  
-0.0009534339878  
-0.007620137665  
-0.002765367771  
-0.001287067989  
0.0001930536596  
0.0008431041886  
0.001707261331  
-0.01045380092  
0.004708778239  
-0.001750287061  
0.001781378288  
-0.00255712557  
-0.007746087898  
0.004987797063  
-0.007517115533  
0.01534836765  
-0.01667162113  
-0.01719138364  
0.002048647835  
0.08872849099  
0.1606039726  
0.1759057149  
0.4508892435  
0.06297302559  
0.08802901911  
0.7397829612  
-1.896951577  
0.09312039205  
3.32906936  
-3.543009617  
-0.5217762197  
0.4393039447  
0.5972160558  
-3.882510895  
0.2683362821  
-0.0615078815  
2.696204476  
-1.110498179  
0.8190159729  
0.3315187487  
0.6824584826  
-0.04739731518  
0.4766390255  
0.8014532598  
-0.3851614589  
0.29563438  
0.6654513358  
-0.5195578749  
0.3760922758  
0.1353168677  
1.147395125  
0.3791475004  
-0.5709248584  
0.8078748608  
