2.555378461e-15  
1.909215739e-09  
-2.474174095e-08  
0.0005869392083  
0.0013210248  
-0.003095568388  
-0.000228268371  
-0.001562877383  
-0.003531534549  
0.008726240446  
0.00175765036  
0.002804660577  
-0.008260615634  
0.002857759043  
-0.005868641827  
0.003846873529  
0.003985773274  
-0.002193832038  
-0.002535811304  
0.002923969568  
0.002347116604  
-0.01070130403  
-0.05636706516  
-0.1328200156  
-0.09706876629  
0.05014840916  
-0.3237973489  
0.2126826316  
0.007899134818  
0.145310026  
0.9927889383  
-0.9413081614  
-3.833059261  
-1.935806796  
-2.605122621  
0.9481741699  
-1.547428143  
-2.99076279  
0.4162671325  
-1.161752071  
2.677852003  
-0.2904667911  
-1.292950406  
-1.304495841  
0.2809448559  
0.3082266774  
-1.519133688  
-0.9998937138  
-1.736249225  
-0.6019984729  
-0.3429083244  
0.6203237941  
0.02778114782  
-1.818803838  
-1.316150768  
0.5545945102  
-0.673095958  
-0.7723047717  
-0.807152732  
