3.880197464e-14  
-6.878583258e-08  
-3.102664943e-08  
0.001017805865  
-0.0005056089602  
0.01138038754  
-0.01088939957  
0.003253272968  
0.001541791954  
0.004837570633  
-0.01108047086  
-0.006836007334  
-0.001060878883  
-0.01025160022  
0.01939524491  
0.03720941774  
-0.03323278901  
-0.02366876789  
0.02943857969  
-0.07370468499  
0.0101617304  
-0.1326631015  
0.1319607702  
0.4897826129  
0.7460099318  
1.245067137  
0.2907740843  
-0.01493605736  
0.2815707209  
0.5748182122  
0.2282004783  
-0.3642882455  
0.01169015114  
-0.3676954155  
0.340758421  
-0.2963968257  
-0.6905483313  
0.3203315201  
0.3292206289  
0.4076494863  
1.214929169  
-0.5241361374  
1.175257653  
-0.2642185587  
-0.5321470206  
1.11908738  
-0.4376445761  
-0.8539692962  
-0.6931172795  
-0.701898277  
0.5002408367  
-0.1191304105  
3.062924628  
2.060909562  
-0.9847830981  
-0.1616801659  
0.7537985654  
0.1535977059  
5.918079524  
