-1.632691954e-14  
2.315003296e-08  
1.988145631e-08  
0.0008291379071  
-0.0004278822973  
-0.005518609265  
0.004250022659  
0.0006591339416  
-0.01088901261  
0.01582739267  
-0.009537235789  
-0.00620086609  
-0.001484854524  
-0.006507053056  
-0.001814993071  
0.002727395695  
-0.01434456317  
-0.0004916668268  
0.002378650808  
-0.02222596309  
5.418656631e-05  
-0.0846436881  
-0.03380247318  
-0.2618859437  
-0.2776602886  
0.5771311472  
-1.662298787  
-1.414195445  
0.8119941427  
-1.275253762  
1.053074243  
0.1511451664  
-0.2336868567  
0.05390092704  
0.1074366749  
0.4640387618  
0.9618186594  
1.238574987  
-1.290327558  
-0.05750648223  
-0.4130843582  
0.64289779  
0.4226317047  
-0.438620057  
0.6727505082  
-0.5265916511  
1.475235377  
-0.4362800325  
-0.6365867245  
-1.822202527  
1.773644484  
-0.9771788763  
0.5613477949  
-2.516084813  
1.093141687  
1.884771161  
-0.04286110484  
2.335087404  
4.097399231  
