-2.165290316e-14  
4.474825204e-08  
-3.949285001e-08  
-0.0004363900655  
0.003292491054  
0.002661201739  
-0.006406700693  
0.005396151602  
0.003054246757  
-0.004264959635  
0.00188931721  
-0.00677025363  
-0.006415851988  
0.006651386889  
-0.006850784083  
-0.01366328655  
0.02670156052  
-0.03465455723  
-0.01790628545  
-0.02614246603  
0.04718878371  
0.04372373672  
0.03084514654  
-0.3266713428  
-0.3324941634  
0.2497138511  
0.4167124291  
-0.2255107433  
0.6212139209  
0.599323227  
-0.1925004885  
0.154502338  
0.08387639012  
0.2653238267  
0.1906447113  
-0.3797221032  
0.254492319  
-0.2312317952  
0.5917742381  
-0.3073109646  
-0.3935304018  
0.01210335055  
-0.520900707  
0.2574207495  
0.3272483764  
-0.1681495764  
-0.594716923  
-0.6200111764  
-0.2940758339  
0.5852235873  
-1.083435168  
0.8644583121  
-1.383685474  
-0.4386619941  
-0.6116409209  
1.012923755  
5.008600651  
-2.845416301  
3.976015071  
