-2.06712514e-14  
3.25600452e-08  
2.942006772e-08  
-0.003799462502  
0.002788948316  
-0.0005821114184  
0.00798803532  
-0.001027527468  
0.00334806245  
-0.008824871347  
0.001797635726  
0.006701052047  
0.009559804696  
-0.004291082608  
0.008318359071  
0.00770462269  
-0.01081900789  
-0.01458347809  
-0.008432822427  
-0.04437997895  
-0.009590758988  
0.03362813979  
0.0264177146  
0.07191312371  
-0.01787238901  
0.03186439318  
0.5022185142  
-0.7590354788  
-0.8492396576  
-0.2574954655  
0.388243167  
0.3561393508  
-0.01264378618  
-0.01853656005  
-0.3040946188  
-0.01841427258  
0.3376072845  
-0.488206791  
0.1872502436  
0.1025202296  
0.1501514488  
0.6440075977  
-0.001758948294  
-0.3238583897  
0.4336168136  
0.634234227  
0.2674516147  
1.022514002  
0.3249790251  
0.7793303006  
-2.088247512  
0.7590859669  
-0.2239425455  
-1.040573304  
-0.3687518776  
0.5620221624  
-3.890454304  
-1.550861672  
5.346688565  
