-2.318547752e-15  
4.757056396e-09  
-3.384799164e-09  
-0.0004902711784  
-0.001416622448  
0.003992377937  
-0.00138127503  
0.0005845255696  
-0.0007496426164  
-0.01260922587  
0.006857502106  
-0.001639804174  
0.001168522624  
0.0125299578  
-0.001543688561  
0.0001840539433  
0.0006885187454  
-0.002825614988  
0.004636097001  
-0.001711632188  
0.01059689326  
0.01327084116  
0.01386815659  
0.02227136188  
0.0240198477  
-0.05482786986  
0.2931809361  
0.104751461  
0.1497650664  
-0.4014697228  
-0.3231615278  
0.2179410433  
-0.1603810229  
-0.983918841  
0.1663607714  
0.08733956656  
-0.3778648036  
0.4566676701  
-0.4398006645  
1.296197638  
1.218311871  
0.1075864933  
1.045779328  
0.4011424471  
-1.360500426  
-0.2656750899  
-0.2908967165  
0.606945157  
1.517016695  
-2.030148652  
-0.5907081117  
-0.5671102935  
-0.261321048  
-0.9767282532  
0.7849407351  
6.059214364  
0.5381230086  
-0.6709805179  
-1.793500532  
