-6.891240182e-15  
2.794987397e-14  
-3.912792437e-14  
1.070559937e-14  
-4.961668005e-15  
1.395001903e-14  
-2.092374662e-14  
1.119254358e-15  
-1.281943055e-15  
-8.980946827e-15  
-1.409113317e-14  
-3.172611246e-14  
4.688082704e-14  
1.337920715e-14  
-4.81688473e-15  
1.082251587e-14  
-1.245678978e-14  
-1.564486746e-14  
4.946642584e-15  
2.272543717e-14  
6.150025457e-15  
1.299721675e-14  
3.231588261e-15  
7.10676576e-15  
1.125702063e-14  
-9.005277702e-15  
-2.049696764e-14  
-1.386009355e-14  
1.545890097e-15  
4.375441048e-15  
-1.423412902e-14  
-5.972035809e-15  
-6.962194899e-15  
2.316052029e-15  
-4.211459023e-13  
1.384779537e-14  
2.880595173e-15  
-4.914266095e-15  
2.683037392e-14  
2.022080321e-14  
-4.491812317e-15  
2.237066555e-15  
6.875299725e-15  
-3.560251679e-14  
-2.813799634e-14  
-1.66815608e-08  
0.02088936623  
0.02785703036  
0.01861385103  
-0.03942524575  
0.004613971441  
-0.04452506818  
-0.0128740343  
-0.05772090638  
-0.1206135577  
-0.009548626828  
0.3368200701  
-0.2368552947  
-0.2664476517  
-0.5456571032  
0.1798927744  
-0.01909376279  
1.521862369  
-0.3644892675  
0.277822391  
-0.6406265872  
-0.08030136665  
0.9302877539  
-0.3930594549  
-0.6251623872  
0.2451669993  
0.3397454848  
-0.04151698318  
0.02370750902  
0.0367390601  
-1.779828266  
0.6901053569  
-0.8560410077  
-1.172477665  
1.742936031  
1.312358343  
0.2600032218  
0.2679923025  
-1.453209767  
-0.0203354529  
1.103193481  
-1.94257313  
-2.974964846  
7.508670309  
