9.802077263e-15  
-4.782986896e-14  
6.857870373e-14  
-1.874353879e-14  
8.577470762e-15  
-2.503655124e-14  
3.748905846e-14  
-7.688837375e-16  
2.459155374e-15  
1.574922694e-14  
2.407098426e-14  
5.436204939e-14  
-8.085363613e-14  
-2.373985401e-14  
9.435664729e-15  
-1.962903263e-14  
2.198386118e-14  
2.631993218e-14  
-8.118502884e-15  
-4.052658776e-14  
-9.640348757e-15  
-2.291930835e-14  
-5.498819646e-15  
-1.168682457e-14  
-1.868046855e-14  
1.521862935e-14  
3.545837924e-14  
2.401117194e-14  
-3.237283178e-15  
-5.975179153e-15  
2.542803585e-14  
1.178514335e-14  
1.088821368e-14  
-6.548666957e-15  
7.354295987e-13  
-2.270967144e-14  
-3.042962335e-15  
8.769912727e-15  
-4.492055605e-14  
-3.395932723e-14  
9.253035124e-15  
-2.249271424e-15  
-1.198674025e-14  
6.14850397e-14  
4.525677695e-14  
2.928246886e-08  
-0.009363467701  
-0.03804756318  
-0.006283886161  
-0.01737428022  
-0.007546236822  
-0.04611938165  
-0.01533272573  
-0.09171653052  
-0.511509059  
-0.1817357032  
0.1134964871  
0.5304425447  
-0.05829453937  
0.2168850344  
0.3026025265  
-0.4687162613  
-0.7077440652  
0.382331619  
0.2143813071  
0.363584803  
0.6473312046  
-0.6716785259  
0.3476987058  
0.1150223783  
0.4719221711  
-0.3630060457  
0.2956172807  
0.8216941553  
-0.0584067331  
-0.1057533185  
-2.518321845  
2.185317525  
0.697169634  
0.5598992204  
3.273124106  
4.26956505  
-3.6357811  
-4.815011714  
0.6899393203  
-1.615641827  
-1.516355118  
-0.3265098147  
-1.178441336  
