1.398158997e-14  
-6.237258716e-14  
8.765632987e-14  
-2.446867348e-14  
1.235350378e-14  
-3.222494236e-14  
4.522443256e-14  
-8.551245863e-16  
3.482530451e-15  
2.070500711e-14  
3.075999497e-14  
7.08406072e-14  
-1.072094939e-13  
-2.918821205e-14  
1.163284146e-14  
-2.210721261e-14  
2.944913553e-14  
3.316972117e-14  
-1.078315619e-14  
-5.051662916e-14  
-1.271408703e-14  
-2.734023095e-14  
-6.197972383e-15  
-1.438328232e-14  
-2.539377521e-14  
1.887585217e-14  
4.624857033e-14  
2.983444997e-14  
-3.656497244e-15  
-7.421467954e-15  
3.206801325e-14  
1.349685164e-14  
1.593333701e-14  
-5.929440054e-15  
9.445420025e-13  
-3.131031756e-14  
-6.321012428e-15  
1.198106567e-14  
-5.967483288e-14  
-4.380364637e-14  
9.666622891e-15  
-4.673740189e-15  
-1.705643495e-14  
7.890717835e-14  
5.953550621e-14  
3.746103334e-08  
-0.04615593487  
-0.09779120786  
0.01954077273  
-0.08538205451  
-0.01738595005  
-0.1311608293  
-0.06120921642  
-0.3120892142  
-0.7294529648  
-1.630214569  
0.6444728096  
0.1914536818  
0.3100234819  
-2.323619575  
0.6831325269  
0.3565820022  
-0.4314664614  
0.2417559373  
0.6324824969  
-1.029291583  
-0.9920767915  
-0.009285337735  
-3.080914538  
-0.1664395323  
-0.06444858758  
2.023461069  
2.361994918  
-1.563113483  
-2.477285205  
1.777708895  
2.165677222  
2.101293779  
0.9827576862  
-1.632172497  
-0.6159357669  
1.811115414  
2.212789973  
-1.770147139  
1.299060716  
-0.5458278542  
-1.421557005  
3.485201451  
2.028698679  
