8.226346564e-15  
-3.534355654e-14  
5.00311447e-14  
-1.337524675e-14  
6.481785786e-15  
-1.69275913e-14  
2.75362747e-14  
-2.219992196e-16  
2.031377402e-15  
1.246508336e-14  
1.909291097e-14  
4.100524808e-14  
-6.118606357e-14  
-1.687455735e-14  
6.634094153e-15  
-1.279152843e-14  
1.840575569e-14  
1.912201543e-14  
-5.373225198e-15  
-2.890125491e-14  
-7.127688087e-15  
-1.612864329e-14  
-4.562905991e-15  
-9.590731693e-15  
-1.605516794e-14  
1.184714298e-14  
2.799804074e-14  
1.711287793e-14  
-1.107478956e-15  
-5.914342598e-15  
1.895872118e-14  
7.459173574e-15  
9.069464004e-15  
-2.537596511e-15  
5.594090363e-13  
-1.736302625e-14  
-2.994430824e-15  
7.965249799e-15  
-3.629518917e-14  
-2.645706642e-14  
5.610317311e-15  
-4.060842387e-15  
-8.289661048e-15  
4.473576717e-14  
4.045184485e-14  
2.216648361e-08  
-0.05207999595  
-0.02432971739  
-0.09037636172  
-0.009135541413  
0.015060304  
-0.1158960229  
-0.1156792574  
-0.2179226097  
-0.7613910453  
-0.1472672805  
-1.056987587  
-0.1234766911  
0.3433078632  
-1.262878099  
1.956941791  
-0.9916176433  
0.283438657  
0.5930326068  
0.2859840492  
1.872623607  
1.775431695  
-2.329446793  
2.092648187  
-2.254703542  
-1.996846477  
0.7254840942  
1.901863775  
-2.555784538  
1.49843385  
-0.6162532704  
-0.3861644502  
-0.335113111  
1.331477379  
1.351789333  
-1.850309581  
1.124655162  
-0.08185969451  
0.9442586721  
-4.171661039  
-0.1558161139  
-1.305470821  
1.791870187  
2.917972363  
