1.0976229e-14  
-4.746273587e-14  
6.900372979e-14  
-1.960213394e-14  
9.88293262e-15  
-2.540510641e-14  
3.84989273e-14  
-1.48250523e-15  
3.069147596e-15  
1.462105388e-14  
2.487049106e-14  
5.470713279e-14  
-8.181756034e-14  
-2.383030955e-14  
9.884625596e-15  
-1.829921838e-14  
2.040471337e-14  
2.839321671e-14  
-8.802729797e-15  
-4.05618051e-14  
-1.105136035e-14  
-2.339558915e-14  
-5.973000491e-15  
-1.107452037e-14  
-1.762425708e-14  
1.565929517e-14  
3.477592037e-14  
2.418960719e-14  
-4.21622902e-15  
-5.444359854e-15  
2.556815266e-14  
1.174560313e-14  
1.169426983e-14  
-6.94788215e-15  
7.381769511e-13  
-2.276407311e-14  
-4.726558527e-15  
8.195628789e-15  
-4.354561941e-14  
-3.408783749e-14  
8.720773724e-15  
-1.643872787e-15  
-1.25342874e-14  
6.013927984e-14  
5.008352853e-14  
2.926185207e-08  
0.02143988107  
-0.04614084232  
0.0363045052  
0.02871583623  
-0.1350101092  
-0.1101397309  
0.08972783307  
-0.1022284659  
-0.518922169  
-0.7144445539  
0.1686051435  
1.233661008  
0.9098413033  
1.602555975  
-1.780292004  
-1.191444382  
0.9581324888  
0.3106736752  
0.1780058161  
-0.7054254056  
-1.319280576  
0.7246218993  
-0.7795135137  
-1.528957312  
0.6235465964  
-1.428447771  
2.630117088  
2.538516947  
1.735365931  
-1.000684433  
-1.223490544  
1.580423948  
1.670417083  
1.101291761  
-5.355166285  
1.583500848  
0.1057519839  
1.061950179  
1.651725138  
0.6074487251  
-2.479316824  
-1.012052969  
0.7420227452  
