-2.687342491e-15  
9.072257121e-15  
-1.138663072e-14  
3.230225306e-15  
-1.989107034e-15  
4.982330557e-15  
-6.540942476e-15  
9.019495742e-16  
-4.611073304e-16  
-2.646686342e-15  
-4.355566088e-15  
-1.041631427e-14  
1.615381387e-14  
3.921813904e-15  
-1.966161126e-15  
1.669393154e-15  
-3.493923601e-15  
-6.249382763e-15  
8.377138203e-16  
5.759376492e-15  
2.022808081e-15  
3.30610118e-15  
5.18991188e-16  
2.488388778e-15  
2.991829345e-15  
-2.505655023e-15  
-5.127214884e-15  
-2.99485373e-15  
-5.240039992e-16  
1.182860221e-15  
-3.973335195e-15  
-8.473564556e-16  
-3.36750146e-15  
-9.13624855e-17  
-1.341747186e-13  
3.702286057e-15  
1.058999163e-15  
-7.518450455e-16  
8.695548793e-15  
6.167010806e-15  
-1.442298106e-16  
4.086864598e-15  
3.023250215e-15  
-9.489871394e-15  
-9.868249276e-15  
-5.209811387e-09  
-0.1175571913  
-0.0645255739  
3.112458063e-05  
-0.04468500772  
0.040079667  
-0.02782983375  
-0.01632007445  
-0.169782401  
-0.2900862403  
-1.377339155  
0.4834066217  
-1.360275966  
-0.316190709  
-0.4035555193  
-0.6044430072  
0.3976471695  
-3.614957654  
-0.3939542999  
-0.7312709299  
1.393101637  
3.304992377  
-0.4103378044  
-1.396223115  
2.19921288  
-0.100063455  
0.4045556592  
0.9173357203  
0.56794817  
1.338006293  
-0.6521623036  
1.992456657  
-1.446597756  
0.182051152  
2.601482977  
-2.45696008  
-0.966357513  
-1.892772784  
-1.750753865  
3.219922132  
0.4789416198  
0.07921673281  
-2.766181962  
1.143825597  
