-5.849273494e-15  
2.618915555e-14  
-3.630207256e-14  
9.311223934e-15  
-6.116130961e-15  
1.431760062e-14  
-1.952062863e-14  
1.739076458e-15  
-3.760948674e-16  
-7.784385511e-15  
-1.275933937e-14  
-2.984607446e-14  
4.323676045e-14  
1.236411599e-14  
-5.015557438e-15  
9.911255701e-15  
-1.055831253e-14  
-1.390062105e-14  
4.215717582e-15  
2.160807669e-14  
5.242660676e-15  
1.085946165e-14  
3.17280915e-15  
6.523131705e-15  
1.040929852e-14  
-8.842047059e-15  
-1.871157741e-14  
-1.204642707e-14  
1.964666705e-15  
3.811324382e-15  
-1.344650609e-14  
-6.192965686e-15  
-5.961246145e-15  
2.239837917e-15  
-3.878859164e-13  
1.210632769e-14  
2.981349601e-15  
-4.550504371e-15  
2.42255145e-14  
1.85153222e-14  
-3.021370436e-15  
1.749792977e-15  
8.474772623e-15  
-3.033104164e-14  
-2.85656762e-14  
-1.546562266e-08  
-0.02501963603  
-0.03603276469  
-0.02734285892  
-0.03135074108  
0.0009595162204  
-0.08346041243  
-0.0964506488  
-0.1591193085  
-0.976314503  
0.864187021  
-0.578525249  
0.2425612366  
-0.9411253469  
0.6297121531  
2.29232718  
0.4804233701  
-0.320274142  
0.9903799822  
-1.286046112  
2.240676818  
-0.3112542693  
1.393139108  
1.258649835  
1.680652617  
0.4780199243  
-1.839651274  
-0.1042637435  
-1.037155457  
0.7710785403  
-2.386017336  
1.508802615  
3.242318498  
-3.821534568  
-2.017283301  
-1.597134482  
1.983614967  
2.637967791  
-0.1700836139  
2.515764447  
-0.2616390966  
-1.077044653  
1.031904922  
1.039409597  
