-1.612878418e-15  
6.331746681e-15  
-9.189267189e-15  
2.32326441e-15  
-2.351240739e-15  
4.333024949e-15  
-5.087272516e-15  
1.113591673e-16  
2.904630807e-16  
-2.266002822e-15  
-3.581139761e-15  
-7.531237454e-15  
1.095476457e-14  
3.319709251e-15  
-9.709176413e-16  
1.94967821e-15  
-3.024429626e-15  
-3.09156557e-15  
6.619637127e-16  
5.605280784e-15  
1.250153262e-15  
2.711636161e-15  
1.295487707e-15  
1.333600338e-15  
2.710162195e-15  
-2.036437076e-15  
-4.340513294e-15  
-3.359685022e-15  
3.777878233e-16  
8.442343549e-16  
-3.271041843e-15  
-1.851961734e-15  
-1.704146241e-15  
5.753287444e-16  
-9.974069e-14  
3.056656573e-15  
7.658198236e-16  
-1.363277473e-15  
5.670136946e-15  
4.465307292e-15  
-9.371618802e-16  
-5.095328155e-16  
1.726707526e-15  
-7.900455691e-15  
-6.175017145e-15  
-3.921049929e-09  
0.03235225222  
0.04019757902  
0.0205116014  
0.01940211697  
0.0008237351517  
0.003072539996  
0.01688612318  
-0.009457826321  
0.00616541723  
0.09413317942  
0.01100229959  
-0.2523595936  
0.1137118134  
0.2928445202  
-0.2750576931  
0.2400255493  
0.3390586198  
-0.6045390155  
0.1068247655  
-0.164705709  
0.07718252214  
0.2977220836  
0.2928184567  
0.3537888727  
0.07561565129  
-0.1809680821  
-0.1859170728  
-0.3703747193  
0.6454405958  
0.3524424898  
-0.07925188167  
-0.1394791387  
0.02608371929  
3.732900692  
1.262091656  
0.8660287476  
1.568055235  
0.9473475582  
2.262376818  
0.8369957977  
-0.9097524299  
7.903202119  
-1.104350495  
