-2.009793674e-14  
1.001196771e-13  
-1.394127148e-13  
3.665147229e-14  
-2.102790439e-14  
5.136173944e-14  
-7.74342134e-14  
3.397590828e-15  
-4.141588782e-15  
-3.341430649e-14  
-5.021915324e-14  
-1.136822137e-13  
1.743788928e-13  
4.953482346e-14  
-2.005866827e-14  
4.002474387e-14  
-4.458188812e-14  
-5.606894893e-14  
1.573781678e-14  
8.179991434e-14  
2.154746912e-14  
4.8031474e-14  
1.184645228e-14  
2.593120034e-14  
3.846231647e-14  
-3.251031338e-14  
-7.307350789e-14  
-4.886253724e-14  
6.850726113e-15  
1.344827897e-14  
-5.075377713e-14  
-2.3441772e-14  
-2.486318519e-14  
1.209316068e-14  
-1.534847464e-12  
4.935685776e-14  
8.694882362e-15  
-1.702169859e-14  
9.29798895e-14  
6.932187397e-14  
-1.591187443e-14  
5.59517093e-15  
2.613493748e-14  
-1.242981401e-13  
-9.679292945e-14  
-6.035353435e-08  
0.06840038378  
0.09292180635  
0.03712857269  
0.006945421577  
-0.03072068202  
0.05402068347  
0.1503260384  
0.2973667467  
1.418154212  
-1.058539409  
4.483491511  
-0.6813884956  
0.4976261814  
2.140181807  
-1.551227542  
-1.581402704  
0.1385554715  
-1.119730852  
-0.7930565759  
-0.3230303396  
0.8944699221  
-2.277154256  
-0.27767103  
-0.05609147069  
-1.337159837  
-0.6113274609  
0.6801276592  
-2.659263882  
-0.4178724618  
-0.31441999  
-2.133965717  
-1.311657207  
-3.644837148  
-2.03601224  
-0.3167851512  
1.807823353  
1.549986731  
0.0006589879194  
0.5890239558  
-0.8620865319  
0.2021273605  
1.094757227  
2.264982251  
