1.485336665e-14  
-6.267675656e-14  
8.986184517e-14  
-2.2949841e-14  
1.256484558e-14  
-3.166498409e-14  
4.867772049e-14  
-1.790656721e-15  
3.99895351e-15  
2.039038437e-14  
3.183881965e-14  
7.207783994e-14  
-1.069504453e-13  
-3.025942868e-14  
1.103532238e-14  
-2.550439582e-14  
2.886556141e-14  
3.525445928e-14  
-1.095919888e-14  
-5.341866158e-14  
-1.363704592e-14  
-3.017580439e-14  
-7.699009006e-15  
-1.71123502e-14  
-2.446116343e-14  
2.024989242e-14  
4.747348873e-14  
3.228836698e-14  
-4.812644396e-15  
-6.683020728e-15  
3.225531948e-14  
1.650649245e-14  
1.610479757e-14  
-7.286974153e-15  
9.639717836e-13  
-3.145907595e-14  
-5.899383059e-15  
1.08566166e-14  
-5.770773948e-14  
-4.37585683e-14  
1.155505214e-14  
-3.73033386e-15  
-1.435673623e-14  
7.890941673e-14  
6.200880362e-14  
3.819644847e-08  
-0.004463623036  
0.01009899014  
-0.02485156189  
-0.09413227254  
0.06661698376  
0.1618879046  
-0.03066333406  
0.3133993486  
1.077661562  
-0.743079525  
0.5871047724  
-1.410652701  
-1.865850833  
1.73469476  
2.44493403  
0.5439324667  
1.760197989  
-1.078055849  
-0.9819566597  
2.444465285  
-2.777039717  
-3.528640946  
0.3303656618  
-0.246893369  
0.9685939128  
2.268844203  
-1.324913494  
2.63975091  
-1.836259935  
0.555910296  
0.9113946905  
-0.4464084952  
0.5749496783  
0.900635388  
-2.294227527  
0.1205351271  
-1.907064341  
-0.7257198754  
1.712145219  
-0.8866430311  
-1.125606075  
1.233804511  
1.71420551  
