-5.132513402e-15  
2.323373162e-14  
-3.412881965e-14  
9.013142334e-15  
-4.875396638e-15  
1.237608571e-14  
-1.786868149e-14  
6.329989052e-16  
-9.884303485e-16  
-7.863183408e-15  
-1.169079254e-14  
-2.718478165e-14  
4.01692526e-14  
1.180465417e-14  
-4.247485009e-15  
8.753339367e-15  
-1.08576754e-14  
-1.318331187e-14  
3.928275143e-15  
1.915507446e-14  
5.114604523e-15  
1.073884067e-14  
2.689052838e-15  
4.81171229e-15  
9.258076365e-15  
-7.2559278e-15  
-1.721951683e-14  
-1.123243068e-14  
1.302217645e-15  
2.684265105e-15  
-1.217112326e-14  
-6.047659794e-15  
-5.801570073e-15  
2.943470997e-15  
-3.596053182e-13  
1.139265322e-14  
8.762799384e-16  
-4.231762112e-15  
2.176719686e-14  
1.650989322e-14  
-3.551823487e-15  
5.789532836e-16  
5.932633765e-15  
-2.882101668e-14  
-2.396926949e-14  
-1.431252976e-08  
-0.02669166698  
0.003837820353  
-0.007627646495  
0.002112071988  
0.03288913303  
0.0108069011  
-0.01617134714  
0.007533934004  
0.06031406548  
0.1452130507  
-0.12226981  
-0.3628872648  
-0.1627424133  
-0.1114891629  
0.3247932157  
0.2246578748  
0.005184508134  
0.3262408191  
0.08341783902  
-0.03667809443  
0.3173947275  
0.5431094135  
0.6141844595  
0.07356030126  
-0.8879722816  
-0.07654261132  
-0.3031194723  
-0.451020531  
-1.522440323  
-0.2262232848  
-1.756320767  
0.7426278133  
1.983519258  
0.3027667409  
-0.3673918158  
0.811592998  
0.05695820288  
1.767758633  
3.321359121  
-0.1074702118  
5.351713537  
-1.028119167  
5.796349342  
