6.639405287e-15  
-3.115161493e-14  
4.177894441e-14  
-1.15343348e-14  
4.520198733e-15  
-1.47743483e-14  
2.360070692e-14  
-3.614560775e-16  
1.240282701e-15  
1.132168446e-14  
1.508750239e-14  
3.534030552e-14  
-5.289067874e-14  
-1.553411037e-14  
4.029875124e-15  
-1.184608144e-14  
1.486153828e-14  
1.667126645e-14  
-5.520907868e-15  
-2.577802786e-14  
-5.531409941e-15  
-1.357965333e-14  
-3.543879439e-15  
-6.992844951e-15  
-1.173147127e-14  
1.018416702e-14  
2.32375492e-14  
1.678355778e-14  
-2.983111607e-15  
-4.045463303e-15  
1.455435026e-14  
8.133685393e-15  
8.538582143e-15  
-5.456457041e-15  
4.537868556e-13  
-1.52630511e-14  
-2.282384632e-15  
5.896182352e-15  
-2.966321526e-14  
-2.027054235e-14  
5.774188322e-15  
-2.623150627e-15  
-8.829175045e-15  
3.69873277e-14  
3.014514303e-14  
1.859099671e-08  
-0.07901676139  
-0.1309506923  
-0.0274320174  
-0.113257175  
-0.1559931636  
0.04972277326  
0.1125220572  
-0.06224317992  
0.625277384  
-4.483716315  
-0.6118025046  
0.9981390719  
-0.920052983  
-1.390457887  
0.05255215986  
1.028197862  
1.796009154  
-2.388186181  
0.8064841514  
2.587694719  
-0.9315492145  
2.234506279  
-0.4070870632  
3.367565596  
-1.097796031  
0.4808505697  
0.9308082267  
0.1941278824  
1.674559531  
-0.005661295308  
-2.948704245  
-0.3645005215  
-0.7413585559  
-0.7976137409  
0.5452595747  
0.5092352531  
-1.140837758  
2.268970836  
-2.372244656  
0.4369643157  
0.6328469473  
0.06633097612  
-0.4294889048  
