5.897793289e-15  
-1.853266969e-14  
2.500411074e-14  
-5.707561996e-15  
3.998513683e-15  
-9.902405105e-15  
1.09503277e-14  
9.065693603e-16  
1.137841389e-15  
4.930139855e-15  
8.930767309e-15  
2.05605314e-14  
-3.323818164e-14  
-7.534864706e-15  
2.302994654e-15  
-6.368783859e-15  
8.002677329e-15  
1.076066216e-14  
-2.833817285e-15  
-1.479810612e-14  
-3.938736123e-15  
-6.561697179e-15  
-1.957065491e-15  
-2.665021204e-15  
-8.007964276e-15  
6.724260926e-15  
1.205941592e-14  
9.349675681e-15  
-4.878470707e-16  
-3.675165483e-15  
9.606672889e-15  
2.125647002e-15  
4.483287273e-15  
-9.697758234e-16  
2.806354695e-13  
-9.081988584e-15  
-6.276562845e-16  
3.945330592e-15  
-1.882249486e-14  
-1.108741654e-14  
6.46982701e-16  
-1.770718439e-15  
-3.354535165e-15  
2.042891492e-14  
1.837915213e-14  
1.112443273e-08  
-0.01928689275  
-0.1880844194  
-0.07874123246  
-0.06107825038  
-0.05215326125  
-0.4195201383  
-0.1166228201  
-0.99228303  
-3.3962297  
0.2748412368  
-3.862679352  
0.2152236198  
0.1293417859  
3.201276754  
0.875650852  
0.5543944868  
-1.138021926  
-3.897146514  
2.604291237  
-2.065171334  
0.002944476926  
-1.421895553  
-1.732748926  
-0.003438969673  
-0.8908144477  
0.1726585601  
-0.3264892669  
-1.211509211  
-1.520730066  
-0.2931244717  
-1.520109102  
-1.241545561  
-3.03775454  
-0.2963677347  
-1.402350737  
0.1776062365  
-1.076069706  
-0.08364972052  
0.4783721137  
-0.3474727166  
0.1667554395  
0.005853181339  
0.8571083685  
