1.454120237e-14  
-6.830571181e-14  
9.175652808e-14  
-2.575354238e-14  
1.314094858e-14  
-3.309975748e-14  
4.819078672e-14  
-2.060160383e-15  
2.467243697e-15  
2.174515089e-14  
3.301713546e-14  
7.566775156e-14  
-1.144798402e-13  
-3.177902718e-14  
1.302882635e-14  
-2.370395499e-14  
2.803650604e-14  
3.711114739e-14  
-8.639335822e-15  
-5.323926513e-14  
-1.485410802e-14  
-3.138099483e-14  
-6.99460253e-15  
-1.611573034e-14  
-2.578422158e-14  
2.094641513e-14  
4.954842885e-14  
2.963605784e-14  
-3.064152213e-15  
-1.037487366e-14  
3.458289432e-14  
1.486725428e-14  
1.602259719e-14  
-3.371105592e-15  
1.000034723e-12  
-3.138163698e-14  
-6.112741997e-15  
1.131151189e-14  
-6.363918412e-14  
-4.625734456e-14  
9.307508167e-15  
-2.306057486e-15  
-1.949466883e-14  
8.271887318e-14  
6.664600209e-14  
3.984589797e-08  
-0.02036482915  
-0.02353635448  
0.07225376774  
0.2308007241  
-0.05135755348  
0.4320279012  
0.08109870802  
1.26406644  
4.124862618  
-1.482458744  
-2.652937911  
1.973744218  
1.245080319  
3.744687985  
0.2019119322  
-1.877021195  
-0.3069718355  
3.062033393  
2.038509413  
0.335410786  
0.6277282453  
1.108604332  
0.2164935548  
0.554808067  
-0.6949005469  
3.192047801  
0.8762634629  
-0.9832423902  
-1.056817305  
-0.1029650273  
1.673280479  
0.4703753419  
-1.729209215  
1.396247601  
0.5370773832  
-0.1197174142  
0.1122347623  
-1.151852749  
0.5691903431  
0.1963991281  
0.9881829325  
-0.7092257712  
0.1839192648  
