-1.55687144e-15  
2.974326221e-15  
-4.085006953e-15  
1.802194894e-15  
-5.816067474e-16  
1.898237207e-15  
-1.223741441e-15  
-1.424024347e-15  
5.214004561e-16  
-1.062446718e-15  
-1.888367943e-15  
-3.17117125e-15  
5.811944882e-15  
1.277507016e-15  
-3.13972126e-16  
-8.599943952e-16  
-1.953784021e-15  
-1.456880521e-15  
8.366262682e-16  
1.87334793e-15  
8.050527791e-16  
5.962788069e-16  
-4.581440274e-16  
2.985821216e-16  
2.027033926e-15  
-1.230200925e-15  
-2.499349867e-15  
-8.821306732e-16  
-2.725198249e-16  
1.222592394e-15  
-1.583780417e-15  
1.922245041e-18  
-1.465293169e-15  
-7.272689544e-16  
-3.564709266e-14  
1.024601691e-15  
4.268076483e-16  
-2.99664416e-16  
4.031117525e-15  
2.232879218e-15  
-2.805781344e-16  
9.458940122e-16  
1.010059137e-15  
-2.885123947e-15  
-3.386906392e-15  
-1.702117873e-09  
0.01720532246  
-0.02652855702  
0.02354349808  
0.02398791742  
-0.02904624731  
-0.04222854343  
0.008885516262  
-0.0848990503  
-0.4306800759  
0.1314298433  
-0.1680382446  
0.1218841668  
0.004041331563  
0.4561429016  
-0.2881618496  
-0.7798064078  
-0.9417194564  
-0.2291802115  
0.1787162911  
0.5651573369  
-0.1199529512  
-0.08909943823  
1.059875709  
0.373812696  
-0.01619136821  
-0.1632019353  
0.4625057124  
1.454442831  
1.10941444  
3.314001041  
-0.5044321809  
0.9098938461  
-0.5850842701  
-0.5109080171  
0.7849455452  
-2.295495633  
1.661485007  
-1.024005161  
-0.4286801885  
-0.549830663  
-0.6605619327  
0.8315321707  
7.622288314  
