-1.372010333e-14  
6.704665962e-14  
-9.242862284e-14  
2.618203684e-14  
-1.308560796e-14  
3.313476347e-14  
-5.042140564e-14  
1.731847635e-15  
-2.57367551e-15  
-2.159512252e-14  
-3.271933093e-14  
-7.559231987e-14  
1.134184357e-13  
3.288444451e-14  
-1.364388441e-14  
2.463634157e-14  
-2.986858838e-14  
-3.692722488e-14  
1.099755866e-14  
5.449607941e-14  
1.348935695e-14  
3.117679883e-14  
7.61390136e-15  
1.692799853e-14  
2.632222474e-14  
-2.127550352e-14  
-4.904833932e-14  
-3.145434547e-14  
3.964936059e-15  
8.991964563e-15  
-3.412319895e-14  
-1.556941031e-14  
-1.679447565e-14  
7.863261118e-15  
-1.008021766e-12  
3.218792636e-14  
6.398561565e-15  
-1.185565153e-14  
6.195094626e-14  
4.712489256e-14  
-1.159561613e-14  
5.419487841e-15  
1.798172422e-14  
-8.259199775e-14  
-6.569372417e-14  
-4.012431536e-08  
0.04024799112  
0.04535477936  
0.0250745431  
0.05400222443  
-0.04672847567  
0.06202598597  
0.04546725238  
0.1851182797  
0.6267855774  
0.2379445239  
-0.5729155353  
0.4483704539  
0.7296309731  
0.1947524739  
-0.5298035594  
0.3888520234  
-0.4171195679  
-0.3048243647  
-0.09802888584  
-0.03587015718  
-0.3500406609  
-1.8383831  
-0.609302024  
0.5387670132  
0.3126571617  
-0.7513306249  
0.6558818137  
-0.4185655439  
0.9556426789  
-0.1608218691  
1.957855804  
0.8293113325  
0.6214725031  
-1.166402356  
2.676892908  
1.000205861  
-2.912637262  
5.65231477  
1.516345914  
-0.4447925765  
-2.626614926  
-0.8191411914  
3.92798465  
