3.989045442e-15  
-1.961715852e-14  
2.624330887e-14  
-8.399483423e-15  
4.249189472e-15  
-9.962869649e-15  
1.471512125e-14  
5.298149836e-17  
4.834799853e-16  
6.505019212e-15  
9.884084702e-15  
2.212018101e-14  
-3.353681452e-14  
-9.25200767e-15  
3.39552381e-15  
-6.117713056e-15  
9.096799842e-15  
1.027424296e-14  
-3.109524207e-15  
-1.551373844e-14  
-4.260662074e-15  
-8.912948153e-15  
-2.057846925e-15  
-5.365334719e-15  
-7.975242919e-15  
5.739013336e-15  
1.467849374e-14  
9.760142775e-15  
-6.218823161e-16  
-2.984385147e-15  
9.741355659e-15  
4.347369869e-15  
5.911759695e-15  
-1.496897052e-15  
3.00906304e-13  
-9.321563563e-15  
-1.662773593e-15  
3.886236718e-15  
-1.889964902e-14  
-1.509033434e-14  
3.647729781e-15  
-2.813137398e-15  
-5.742389514e-15  
2.531857955e-14  
2.008802502e-14  
1.199527813e-08  
-0.004086963475  
-0.01278478545  
-0.03268387352  
-0.0157434783  
0.01190108571  
-0.06909683846  
-0.03743404563  
-0.1179602709  
-0.2625819833  
-0.4005093709  
0.02677508961  
0.3663956705  
0.7632720957  
-0.6970911138  
0.6063919274  
-0.1136288762  
1.18659331  
0.4258357721  
0.3485443601  
-0.5906001734  
0.100168238  
-0.2215161157  
1.379719904  
-0.196787765  
-0.9917859227  
0.5376172269  
0.002724083733  
-0.9310047558  
0.926820366  
-0.1400520616  
-0.8616883781  
-0.4942142641  
0.1765838819  
-2.261183926  
-0.1595163832  
-3.394757976  
-2.377611362  
-1.790059801  
5.395752379  
3.483243785  
-2.813258629  
1.233634823  
-1.412892433  
