2.224170125e-14  
-1.051912005e-13  
1.463111726e-13  
-4.074245072e-14  
2.209024007e-14  
-5.346909926e-14  
7.964051109e-14  
-2.42814752e-15  
5.123604147e-15  
3.40660177e-14  
5.254640896e-14  
1.19125605e-13  
-1.802816566e-13  
-5.133429966e-14  
2.008334397e-14  
-3.865462174e-14  
4.823673249e-14  
5.702458502e-14  
-1.731569296e-14  
-8.689260134e-14  
-2.260007442e-14  
-4.932803125e-14  
-1.256410607e-14  
-2.605624361e-14  
-4.113447063e-14  
3.310548408e-14  
7.728567255e-14  
5.065766198e-14  
-6.559973126e-15  
-1.386681745e-14  
5.331354556e-14  
2.43250124e-14  
2.641998954e-14  
-9.634179234e-15  
1.588399441e-12  
-5.074272116e-14  
-8.475947301e-15  
1.919952421e-14  
-9.837236163e-14  
-7.414839063e-14  
1.74484128e-14  
-7.424356241e-15  
-2.752431897e-14  
1.314945073e-13  
1.048920918e-13  
6.339333394e-08  
-0.04959103462  
-0.0245453211  
-0.01650410154  
0.0159611411  
0.06055194128  
0.05164232652  
-0.004131777246  
0.1411304898  
0.3387279298  
0.3150051755  
0.3066916826  
0.1321477454  
0.06702163295  
0.3436574834  
0.8527582564  
-0.05377047807  
-0.3909804312  
0.4739179631  
-0.5270169774  
-0.1932533121  
1.439925474  
0.1363337835  
-0.9652202021  
1.588154331  
-1.019488329  
-0.01868777329  
-1.718469272  
0.09919980749  
-2.473869088  
-0.001002445588  
-2.357383353  
1.483095006  
1.358740428  
0.8957492958  
-0.6437451191  
-1.136376667  
1.619653812  
1.930293082  
-1.285393503  
1.29212512  
-6.794850907  
-1.691861434  
0.2203649243  
