-1.76446927e-15  
1.153093818e-14  
-1.346041228e-14  
2.501213508e-15  
-1.764806186e-15  
4.651975244e-15  
-7.680410885e-15  
4.145001917e-16  
-3.526676191e-17  
-3.846037651e-15  
-5.02899477e-15  
-1.171162903e-14  
1.735949459e-14  
5.597155203e-15  
-2.156018032e-15  
3.315185647e-15  
-4.584857922e-15  
-4.719903497e-15  
1.570680773e-15  
7.191270159e-15  
1.775006485e-15  
4.949246073e-15  
2.803410092e-16  
4.099046334e-15  
3.895360477e-15  
-3.43904907e-15  
-6.939642383e-15  
-3.011255429e-15  
-5.866170938e-16  
1.346421278e-15  
-4.536486971e-15  
-2.432489694e-15  
-3.601456461e-15  
5.289909063e-16  
-1.568066654e-13  
5.516500034e-15  
1.247860655e-15  
-1.869326233e-15  
9.971014554e-15  
6.371352377e-15  
-1.302659361e-15  
1.832542588e-15  
3.624242971e-15  
-1.153163452e-14  
-1.308783965e-14  
-6.076476109e-09  
-0.008059564818  
-0.03051319385  
-0.002683239154  
0.002930227817  
0.002335297607  
-0.001320740998  
0.09034147091  
0.02295500327  
-0.07141170806  
0.5224809348  
0.1401081801  
1.206147658  
0.03467114695  
1.209788086  
-0.263378867  
0.4788385178  
-0.5274187563  
-1.216213584  
-0.06327949118  
-1.139907582  
0.04275317441  
-1.12527539  
1.347228658  
2.443858763  
-0.3859903925  
1.826584123  
-0.227981252  
0.9889432455  
1.570191684  
-2.471339046  
0.9809746711  
-1.167409309  
4.003372035  
-2.489669326  
0.6565816184  
2.153645354  
3.919437058  
-2.043553222  
-1.120625763  
2.718635655  
0.3515105316  
1.093017002  
1.645432685  
