7.631787355e-15  
-3.311300402e-14  
4.743553174e-14  
-1.480160628e-14  
6.45838564e-15  
-1.720719205e-14  
2.505183101e-14  
5.841926254e-16  
1.401353586e-15  
1.037535339e-14  
1.791175599e-14  
3.930016636e-14  
-5.796218777e-14  
-1.651432277e-14  
5.184086873e-15  
-1.274075542e-14  
1.574133246e-14  
1.788939784e-14  
-6.661951453e-15  
-2.862057126e-14  
-8.533636358e-15  
-1.667605434e-14  
-3.0687135e-15  
-8.123051234e-15  
-1.390756121e-14  
1.07438176e-14  
2.544687391e-14  
1.703597098e-14  
-2.29420423e-15  
-5.296106966e-15  
1.82699378e-14  
7.31483533e-15  
8.303534436e-15  
-1.944132901e-15  
5.110492845e-13  
-1.714756217e-14  
-2.795848696e-15  
6.575381977e-15  
-3.305229858e-14  
-2.499169349e-14  
6.038154121e-15  
-1.849511727e-15  
-7.805793017e-15  
4.411254147e-14  
3.635972483e-14  
2.057311245e-08  
0.0764587047  
0.06325646426  
0.05397158222  
0.0357515177  
-0.01045417922  
0.1079367211  
-0.04332255991  
0.2725114082  
1.13701726  
0.3757092353  
0.9522457627  
-0.622195918  
0.7520231689  
0.265199141  
1.446500438  
2.882789269  
-0.5772324965  
0.9199111539  
0.9870234923  
-2.453836949  
-2.356515386  
-0.970426642  
0.7091292961  
2.400489472  
-0.4424583126  
-1.472406514  
2.269517798  
-1.14336397  
0.7597832715  
-1.375312468  
-0.8860219063  
0.8196647016  
0.3476714809  
1.978648943  
-0.7323644979  
-3.208523678  
-0.9796775444  
-1.749675266  
-1.798306965  
-4.080363635  
0.3105024713  
0.2237596484  
1.290767388  
