9.472466561e-15  
-4.196155042e-14  
5.669128289e-14  
-1.598683195e-14  
6.252428837e-15  
-1.971004393e-14  
3.012290976e-14  
-1.222271769e-15  
7.237302342e-17  
1.356235767e-14  
2.049856101e-14  
4.605790879e-14  
-6.932959555e-14  
-1.920986518e-14  
7.684349616e-15  
-1.546433533e-14  
1.834896849e-14  
2.175331542e-14  
-5.603326159e-15  
-3.356274175e-14  
-7.292331955e-15  
-1.948313312e-14  
-3.465403137e-15  
-1.072725678e-14  
-1.67547305e-14  
1.28895717e-14  
2.924065254e-14  
1.917674245e-14  
-2.369081565e-15  
-5.826631186e-15  
2.119039169e-14  
9.497317025e-15  
9.72062571e-15  
-4.247536779e-15  
6.08910409e-13  
-1.894827847e-14  
-3.976503237e-15  
6.496650569e-15  
-3.751568186e-14  
-2.883952044e-14  
7.184464899e-15  
-3.016121356e-15  
-9.69491067e-15  
5.049689295e-14  
4.145523758e-14  
2.439854396e-08  
0.007781269397  
0.06595556673  
0.05408188291  
0.05041873959  
0.04126619908  
-0.06421314393  
0.02768297302  
0.04815718579  
-0.027055807  
1.651429823  
0.2148778634  
-1.482059325  
-0.5969972783  
0.1361861796  
0.4848416299  
-1.333454568  
2.590421855  
0.9461435829  
0.3362050081  
-2.20568556  
1.094588829  
0.8729708911  
-1.07883297  
2.878516685  
-1.880596136  
0.4571994085  
-1.601951022  
0.01394373275  
2.197977772  
2.590810835  
1.346978846  
0.4327474615  
-0.3025951326  
-0.4968536814  
-2.53259083  
2.872808551  
-3.667619753  
-0.2111616911  
-1.526073749  
-0.2181075727  
0.7473344994  
1.758472436  
1.641367108  
