-3.637983785e-15  
2.27377518e-14  
-3.205040932e-14  
9.421060519e-15  
-5.31552228e-15  
1.149154244e-14  
-1.773312632e-14  
1.91188125e-15  
-9.496940672e-17  
-6.075282604e-15  
-1.036080893e-14  
-2.498171061e-14  
3.947548832e-14  
1.216331779e-14  
-5.435555708e-15  
1.08019612e-14  
-8.63352192e-15  
-1.449109092e-14  
2.846066788e-15  
1.958019725e-14  
4.686310828e-15  
1.124250241e-14  
3.103328147e-15  
6.669838886e-15  
7.832453456e-15  
-8.441919816e-15  
-1.6419471e-14  
-1.133926765e-14  
2.462866667e-15  
2.664958891e-15  
-1.196191226e-14  
-6.174729585e-15  
-6.007482361e-15  
5.129770948e-15  
-3.498268158e-13  
9.986515934e-15  
3.054627269e-15  
-3.430766919e-15  
1.99140165e-14  
1.3870517e-14  
-3.481727454e-15  
2.137290672e-15  
5.81017388e-15  
-2.864787764e-14  
-2.489197507e-14  
-1.402584146e-08  
-0.06796686806  
-0.02687774722  
-0.04156508947  
0.02823900735  
-0.01548780988  
0.2833848148  
-0.006734505664  
0.6040471505  
2.245878391  
-0.4028130445  
-2.091588  
-0.2249874205  
-2.684028035  
0.2307686736  
-0.5995373715  
-0.3445251465  
-0.9425891201  
-0.1555482027  
-1.227233256  
0.1495564474  
-1.154334948  
0.05280308421  
-2.916215779  
-1.633141002  
-0.337661812  
-2.375135876  
-2.078382894  
-2.674175044  
2.150824653  
-0.3915381824  
-0.8797045251  
-0.3358531306  
2.310345337  
-1.111810796  
-0.4412834555  
-0.7307964612  
0.2399623421  
-2.993180573  
0.08520107996  
-0.3261535681  
-1.005279694  
2.46342726  
3.418643491  
