-1.660844422e-15  
1.148673775e-14  
-1.719115368e-14  
4.832760295e-15  
-2.20180009e-15  
6.044602473e-15  
-9.592547537e-15  
-6.882408872e-16  
-1.422056489e-15  
-3.121447146e-15  
-7.326854555e-15  
-1.239583285e-14  
1.973405793e-14  
6.431990956e-15  
-1.844744987e-15  
4.972972329e-15  
-4.666824654e-15  
-7.343463027e-15  
2.180563296e-15  
1.033607082e-14  
2.353402664e-15  
4.98110536e-15  
9.347966167e-16  
3.067254903e-15  
4.056930812e-15  
-4.028928138e-15  
-8.507323985e-15  
-5.248260372e-15  
6.867423501e-16  
9.811338745e-16  
-5.494448114e-15  
-3.890067058e-15  
-4.095828746e-15  
1.909063634e-15  
-1.847442659e-13  
5.5831759e-15  
1.460016809e-15  
-1.35665013e-15  
1.127739105e-14  
7.406352513e-15  
-2.439172732e-15  
6.726639371e-16  
4.288156455e-15  
-1.437187954e-14  
-1.27080001e-14  
-7.307338897e-09  
0.007237069685  
0.04629525875  
0.01846198471  
0.006770819568  
-0.04758753112  
0.07535127421  
-0.02724002394  
0.117980307  
0.3050576365  
1.013240799  
-0.6841134955  
-1.350015003  
-1.712904633  
0.9041549767  
0.7545216766  
-0.7843585905  
-0.994367484  
-0.1874115965  
-2.124389449  
-0.9561537497  
-0.451102018  
2.918681191  
1.770918447  
0.6707227739  
2.41006222  
0.9188574356  
3.661336815  
-1.385511073  
-1.440590625  
1.163519507  
-1.221271918  
-3.811644902  
0.9646782221  
-1.115797084  
-0.08274192864  
1.450231134  
-1.54097331  
1.153726449  
0.1196015335  
-0.5593288421  
-3.273892949  
0.5526708496  
0.4021069557  
