-7.717922455e-15  
4.575258208e-14  
-6.989456059e-14  
1.818043923e-14  
-8.7541729e-15  
2.419593079e-14  
-3.711798916e-14  
2.314268995e-15  
-1.723870724e-15  
-1.634076712e-14  
-2.374705601e-14  
-5.532968766e-14  
8.189017073e-14  
2.477249862e-14  
-8.516784473e-15  
1.935498201e-14  
-2.042488195e-14  
-2.71789772e-14  
8.174568583e-15  
4.018022948e-14  
1.050024896e-14  
2.417355303e-14  
6.776850173e-15  
1.077406505e-14  
1.765796922e-14  
-1.454682106e-14  
-3.582698441e-14  
-2.444851566e-14  
4.259237963e-15  
6.030577923e-15  
-2.568580502e-14  
-1.187511731e-14  
-1.204506209e-14  
6.314856619e-15  
-7.290475125e-13  
2.355364236e-14  
4.163872309e-15  
-7.897619471e-15  
4.275188571e-14  
3.212994384e-14  
-7.085654532e-15  
3.214270225e-15  
1.24823869e-14  
-6.201267068e-14  
-4.754073853e-14  
-2.896486061e-08  
0.04162043987  
-0.001515729167  
-0.003000687814  
-0.07558979629  
-0.01317761542  
-0.06664047023  
0.1206951158  
-0.2718150788  
-0.3586602967  
-1.155764242  
1.125584966  
0.8441548244  
-0.9314480799  
0.8500210969  
-2.572459481  
1.789783291  
-0.4896336625  
-1.504237511  
0.5226510501  
-0.5617554699  
0.4706745075  
1.401890946  
3.256464955  
-0.8787059508  
1.755202743  
1.598459081  
-2.506240686  
-2.994193092  
-0.4921617429  
0.4774065447  
1.562312037  
3.101669398  
0.8217451222  
0.4646613287  
-2.19493632  
-0.1797307421  
-2.669352583  
-0.2398290212  
-1.527874387  
-0.877494442  
-1.58614633  
0.2640118012  
2.095332209  
