2.372560809e-14  
-1.052701468e-13  
1.461167372e-13  
-4.055078059e-14  
1.97841887e-14  
-5.141032357e-14  
7.799340927e-14  
-3.324269734e-15  
4.029887444e-15  
3.361389457e-14  
5.022160276e-14  
1.20013435e-13  
-1.783509765e-13  
-5.114946036e-14  
1.915176009e-14  
-4.073288247e-14  
4.710271006e-14  
5.72609911e-14  
-1.867464082e-14  
-8.600301073e-14  
-2.305486148e-14  
-4.911010597e-14  
-1.122364995e-14  
-2.527317117e-14  
-4.048704008e-14  
3.222201915e-14  
7.777554393e-14  
5.135778731e-14  
-8.106715433e-15  
-1.334751895e-14  
5.351413621e-14  
2.44847631e-14  
2.55623305e-14  
-1.263990869e-14  
1.577680283e-12  
-5.207243678e-14  
-8.721129236e-15  
1.831135353e-14  
-9.730964573e-14  
-7.220322699e-14  
1.849703119e-14  
-6.377664178e-15  
-2.845977174e-14  
1.311196294e-13  
1.015725615e-13  
6.278972158e-08  
0.09137590834  
0.05261286838  
-0.05026651422  
0.1412028826  
-0.06096023251  
0.4354812182  
0.08455581234  
0.7344590788  
2.557150453  
0.2952426027  
-0.9690963113  
3.598391351  
0.7927443287  
-2.894955415  
0.5448578931  
1.03517676  
-0.6349264467  
-1.544021754  
-0.965505307  
-1.527680812  
0.902975151  
-0.7071562027  
1.661157144  
-0.01300469882  
-0.3133666193  
-2.007730449  
-0.7442719703  
1.604341481  
-1.775351894  
1.203281152  
0.332962496  
-2.142909702  
-2.099252498  
0.2121396866  
-2.793860496  
2.580310039  
-0.5682259575  
-1.105781882  
0.6722164107  
-0.6370454767  
-0.5936536585  
1.401003668  
2.453481715  
