-3.225471065e-15  
1.1852332e-14  
-1.54662955e-14  
3.583546364e-15  
-1.187715935e-15  
6.643345312e-15  
-7.285475409e-15  
-1.33267018e-15  
-7.544786213e-16  
-4.431002781e-15  
-5.413522594e-15  
-1.250947446e-14  
1.842395906e-14  
5.001296957e-15  
-2.512979295e-15  
4.265341278e-15  
-5.014652778e-15  
-5.073360441e-15  
1.279299647e-15  
9.530654258e-15  
3.093999845e-15  
4.567043404e-15  
1.426602193e-15  
2.054175369e-15  
4.893379617e-15  
-2.897013464e-15  
-8.263407533e-15  
-5.154107906e-15  
5.419229863e-16  
2.426320714e-15  
-6.390739649e-15  
-1.808144231e-15  
-1.750487653e-15  
5.822622916e-16  
-1.617456432e-13  
5.706470087e-15  
1.271415949e-15  
-2.859208943e-15  
1.072164876e-14  
7.471297908e-15  
-1.761344281e-15  
-2.959042618e-15  
3.250461915e-15  
-1.569585166e-14  
-1.482195051e-14  
-6.552600735e-09  
-0.1114335845  
-0.09693336922  
-0.01952011076  
-0.1013739067  
0.03642602467  
-0.2450158063  
-0.1483245242  
-0.6558776528  
-1.724568404  
-3.153212524  
-0.04640646714  
-0.7184706927  
1.786766751  
2.162740276  
0.1619397402  
2.448468833  
0.4450669971  
3.053958878  
-0.3912283591  
0.309518384  
0.1394315238  
0.7627610765  
0.6058589774  
-0.53615591  
-0.9903428794  
-2.998610125  
-1.535912457  
0.4747159145  
-1.193467722  
1.18608564  
1.54187018  
-3.477846314  
1.313304937  
-1.039695845  
0.5338900472  
1.782052063  
-0.1180720871  
-0.7610516552  
-0.9577868144  
-0.4247794934  
-1.387892938  
1.597139452  
2.608261726  
