-3.431297444e-15  
1.236351038e-14  
-1.94814237e-14  
5.755066482e-15  
-2.849815095e-15  
8.521423542e-15  
-1.034572499e-14  
-1.001556294e-15  
-1.232082653e-15  
-4.329084211e-15  
-7.646886368e-15  
-1.396447008e-14  
2.313016177e-14  
6.671935797e-15  
-1.550459045e-15  
3.862886611e-15  
-5.990335922e-15  
-6.772674705e-15  
2.438645537e-15  
1.204126892e-14  
2.718383399e-15  
5.729140164e-15  
1.526382803e-15  
3.191007747e-15  
5.983927449e-15  
-4.600391362e-15  
-9.778774404e-15  
-6.288538812e-15  
-7.088348619e-16  
1.918043876e-15  
-7.950589337e-15  
-3.953258338e-15  
-4.053060681e-15  
-9.072248924e-17  
-2.050930205e-13  
5.512427106e-15  
1.578786994e-15  
-1.910651423e-15  
1.181788174e-14  
1.035015431e-14  
-1.258965759e-15  
2.142883652e-15  
3.698294741e-15  
-1.445990677e-14  
-1.450655533e-14  
-8.162598728e-09  
0.1083708139  
0.07333898756  
0.02255938219  
0.08731453332  
-0.0207735538  
0.1423178423  
0.06318798755  
0.3795550466  
1.313949326  
-0.2566711973  
0.2393485976  
-1.715945141  
2.410162843  
0.8637595851  
1.854443484  
-2.136579318  
0.8456341827  
-4.321009548  
0.3951110989  
0.6590931389  
0.9897869307  
2.169183344  
0.6807293214  
-0.46644876  
-1.061107689  
-2.670930609  
0.5646827764  
0.1759907693  
-1.188925387  
-0.2663984927  
2.792246351  
1.464592568  
2.778359505  
-0.5655428158  
0.6817734638  
-1.196308581  
-0.1431887046  
-1.638994871  
0.1111469854  
-2.190824771  
-0.2546320778  
-0.3843157008  
-2.100865753  
