-1.847655913e-14  
8.616916253e-14  
-1.209725468e-13  
3.322788792e-14  
-1.747968708e-14  
4.380826497e-14  
-6.679649909e-14  
3.053370227e-15  
-5.612608599e-15  
-2.838693955e-14  
-4.375150872e-14  
-9.985962425e-14  
1.475119355e-13  
4.31460298e-14  
-1.606721626e-14  
3.277705759e-14  
-4.051603141e-14  
-4.696984905e-14  
1.597646237e-14  
7.234385226e-14  
1.900973336e-14  
4.191197882e-14  
1.009944495e-14  
2.107335537e-14  
3.452265963e-14  
-2.882776537e-14  
-6.440057335e-14  
-4.249010732e-14  
6.587096349e-15  
1.102893165e-14  
-4.41380061e-14  
-1.976884533e-14  
-2.126300958e-14  
1.202768041e-14  
-1.329539303e-12  
4.206143447e-14  
6.71880507e-15  
-1.676310608e-14  
8.111306142e-14  
5.857511814e-14  
-1.391723678e-14  
6.858571734e-15  
2.207543829e-14  
-1.05807051e-13  
-8.63503772e-14  
-5.301645313e-08  
0.1117652779  
-0.1372805058  
-0.006021919112  
-0.04062095612  
-0.03344867389  
-0.2539839245  
0.0925830396  
-0.2772543438  
-1.439728733  
-0.6131055527  
2.047258769  
3.344780719  
0.5404475505  
0.04728761585  
2.896678322  
-3.279878098  
-0.4938339596  
0.5324982114  
1.072029058  
0.1690785235  
-0.3277005988  
0.04179693668  
-1.149015016  
1.367338244  
3.853928366  
-0.8185568049  
-1.970541318  
-1.513003226  
0.4722548636  
-0.3631862158  
0.01137979189  
-1.938703627  
1.439833071  
0.7949013179  
-0.4234696643  
-1.573082821  
-1.272357794  
0.9870115224  
-0.3845443816  
-1.297629385  
1.877300456  
1.589833296  
2.066072228  
