-1.678050793e-14  
7.408930248e-14  
-1.046290892e-13  
2.915562546e-14  
-1.365703805e-14  
3.742175293e-14  
-5.544349794e-14  
2.149311658e-15  
-3.402746994e-15  
-2.519393557e-14  
-3.759933682e-14  
-8.391377756e-14  
1.274413716e-13  
3.452648775e-14  
-1.457294509e-14  
2.719389101e-14  
-3.445902863e-14  
-4.050532361e-14  
1.261984654e-14  
6.204666454e-14  
1.548819282e-14  
3.395647668e-14  
8.14644874e-15  
1.781391804e-14  
2.977886619e-14  
-2.321908767e-14  
-5.520695871e-14  
-3.722214785e-14  
5.350334022e-15  
8.928904681e-15  
-3.757357471e-14  
-1.810158094e-14  
-1.824974453e-14  
7.955226078e-15  
-1.138678066e-12  
3.599332577e-14  
7.086035666e-15  
-1.281112246e-14  
6.980496244e-14  
5.31129424e-14  
-1.363042553e-14  
4.366773442e-15  
2.005685391e-14  
-9.464582113e-14  
-7.534584301e-14  
-4.471224716e-08  
0.08594519137  
0.1056594409  
0.03964561021  
0.1188551892  
0.004622819785  
0.03373540124  
0.09454243331  
0.1533776934  
0.5894450939  
1.211854395  
-1.409776145  
-2.178451486  
1.036976381  
-1.643771044  
-3.018364749  
-0.7380658317  
1.253587723  
0.7101598627  
4.014826795  
2.458152071  
0.003117816432  
-1.41158689  
0.6026877659  
2.386860445  
2.914946823  
-1.461682403  
-0.2537484066  
-0.8487011846  
-1.914776243  
-0.7268444864  
-0.6118642648  
-1.328789124  
0.4678989023  
-1.138824671  
-1.613721545  
0.6706615807  
1.016509944  
-1.52999606  
0.3846447089  
-0.6683623792  
-1.782188594  
1.183115807  
1.675003581  
