-7.93125533e-15  
3.840523416e-14  
-5.19379884e-14  
1.469890019e-14  
-8.374968576e-15  
1.864053312e-14  
-2.661855767e-14  
-3.216568546e-17  
-2.022444764e-15  
-1.349689244e-14  
-1.951094667e-14  
-4.261118311e-14  
6.363709443e-14  
1.793814718e-14  
-7.182353252e-15  
1.224188818e-14  
-1.625612547e-14  
-2.196668054e-14  
5.960795428e-15  
3.050676715e-14  
8.76118083e-15  
1.705005835e-14  
4.143860616e-15  
9.106054625e-15  
1.534090537e-14  
-1.100359996e-14  
-2.582078805e-14  
-1.829948721e-14  
2.01187311e-15  
5.753176039e-15  
-1.966356675e-14  
-8.327141364e-15  
-9.71374051e-15  
2.407766141e-15  
-5.501821574e-13  
1.740590832e-14  
2.705012903e-15  
-5.377227121e-15  
3.4385658e-14  
2.783669466e-14  
-7.118605531e-15  
2.753942119e-15  
9.577863672e-15  
-4.562406979e-14  
-3.780822688e-14  
-2.250757723e-08  
0.04607631166  
0.04597235335  
0.04087030245  
0.1430351239  
0.07370669526  
0.1387504883  
-0.01029759402  
0.2686647934  
0.9893880098  
-0.1269576794  
-0.1522401586  
-2.602516939  
4.563029237  
-0.9762196384  
1.366975119  
0.3336477585  
-2.712103281  
-0.3709919526  
-0.2536326257  
-0.1082390997  
-2.047468294  
1.389685321  
-0.2919533747  
-1.166367608  
1.260063657  
2.549981678  
-2.858180445  
0.1612773178  
2.503584578  
-0.3140935829  
-2.12286758  
-0.1089996041  
-1.100235361  
-0.7227578505  
-1.121605404  
2.426215324  
0.01708860736  
0.7971289196  
-0.306601635  
0.5773477471  
-0.7508917783  
0.09111368778  
1.879692386  
