5.46352762e-15  
-3.202204463e-14  
4.258069908e-14  
-1.275659675e-14  
6.288839197e-15  
-1.524822854e-14  
2.431531407e-14  
-1.959419235e-15  
2.970109541e-15  
9.479254855e-15  
1.527469835e-14  
3.393995518e-14  
-5.08466666e-14  
-1.509091938e-14  
7.754363183e-15  
-1.093424797e-14  
1.555662755e-14  
1.666655983e-14  
-5.64052142e-15  
-2.555554841e-14  
-7.440926263e-15  
-1.578281103e-14  
-4.457746471e-15  
-7.489434194e-15  
-1.179004925e-14  
1.002663706e-14  
2.288078039e-14  
1.400638532e-14  
-1.805895137e-15  
-4.278280563e-15  
1.56466227e-14  
7.669467827e-15  
8.017934589e-15  
-2.433046072e-15  
4.729787243e-13  
-1.520493045e-14  
-4.767639404e-15  
6.080836423e-15  
-2.848912319e-14  
-2.001526354e-14  
5.667222429e-15  
-1.894597727e-15  
-8.001634178e-15  
3.708308189e-14  
2.951490519e-14  
1.870303154e-08  
0.07661256415  
0.149055992  
0.03102073695  
0.09898683606  
-0.1063320524  
0.01493333208  
0.1675171143  
0.1319588842  
-0.3055698545  
3.981096994  
1.661958755  
2.503385131  
1.431100038  
1.086128963  
-0.8150980113  
2.291695053  
-0.07214859639  
-0.5318673557  
0.3120897992  
4.248082711  
-0.9919135187  
2.105560578  
-2.133524852  
-0.3601956175  
-2.364242248  
1.085538945  
0.6740808898  
-0.8441939541  
-0.3602252054  
0.4925990146  
-0.03007639692  
-1.767692168  
0.7974026564  
0.004984225739  
-0.385883219  
-0.1217295206  
-2.275789822  
-1.398501544  
-0.1564549088  
-0.5484309118  
-0.6652276233  
1.609719795  
1.952193631  
