-3.066516047e-14  
1.378186176e-13  
-1.925132717e-13  
5.404629156e-14  
-2.594014656e-14  
6.939372202e-14  
-1.051867703e-13  
4.180254474e-15  
-6.855617022e-15  
-4.584263021e-14  
-6.894055391e-14  
-1.575684503e-13  
2.35464811e-13  
6.750951385e-14  
-2.645135787e-14  
5.122999603e-14  
-6.392498988e-14  
-7.674647883e-14  
2.32432216e-14  
1.140901288e-13  
2.830121494e-14  
6.162508587e-14  
1.580107349e-14  
3.417214903e-14  
5.415643447e-14  
-4.362016111e-14  
-1.012361269e-13  
-6.734951993e-14  
9.7883346e-15  
1.856116608e-14  
-7.074694242e-14  
-3.115647253e-14  
-3.532287366e-14  
1.418168786e-14  
-2.093038147e-12  
6.726625481e-14  
1.179317836e-14  
-2.45177418e-14  
1.297777223e-13  
9.664606032e-14  
-2.259747783e-14  
1.053299181e-14  
3.606243185e-14  
-1.73109865e-13  
-1.333576175e-13  
-8.31514211e-08  
-0.01063459414  
0.1256896745  
0.01365641541  
0.03094184902  
0.005554274663  
0.2017228932  
0.1133343436  
0.2584142011  
0.8284936751  
0.2773617945  
-0.7337806036  
0.180763587  
1.483575446  
1.23237848  
1.075213828  
3.279257898  
3.151214375  
-0.4188896822  
-1.55110966  
0.02417610951  
4.608134361  
-0.5896452813  
-1.95598264  
-0.6924105339  
4.28616619  
0.6821625357  
1.1115777  
-0.2032903927  
1.380288826  
0.8964246364  
-1.491876305  
0.9635739324  
0.2736948042  
-1.265079207  
-0.1070715226  
-1.125079189  
1.144333182  
-0.6296182107  
-0.1722830452  
-0.917639455  
1.744347263  
0.9148433008  
1.199421184  
