-2.652871913e-14  
1.108781938e-13  
-1.533618254e-13  
4.149504413e-14  
-2.018806813e-14  
5.73801235e-14  
-8.471727904e-14  
2.100775778e-15  
-6.293252438e-15  
-3.497702526e-14  
-5.559783831e-14  
-1.269808925e-13  
1.877152932e-13  
5.368397257e-14  
-2.061865164e-14  
3.997299269e-14  
-5.354828849e-14  
-5.899072876e-14  
2.052226423e-14  
9.184977842e-14  
2.121666385e-14  
5.129702634e-14  
1.215604051e-14  
2.620171927e-14  
4.416679745e-14  
-3.521181748e-14  
-8.260493813e-14  
-5.323662576e-14  
8.415069939e-15  
1.313175382e-14  
-5.572706641e-14  
-2.51919704e-14  
-2.632477062e-14  
1.204377838e-14  
-1.677940585e-12  
5.574002873e-14  
7.935197963e-15  
-2.235447354e-14  
1.064723676e-13  
7.797203244e-14  
-1.917572257e-14  
8.725535608e-15  
2.993758408e-14  
-1.389752426e-13  
-1.091420499e-13  
-6.704957976e-08  
-0.006986852111  
-0.06915447466  
0.03651312837  
-0.05996776016  
0.140738001  
0.1454723596  
0.03777650616  
0.3786935033  
1.536779257  
0.3453371167  
2.178838633  
-0.5477510912  
-2.836763516  
0.4113103267  
2.416455467  
1.834519443  
-1.58786415  
0.1311761239  
5.633352482  
-0.239582172  
1.660635239  
1.104706345  
-0.02411991459  
-2.378654252  
0.3189063074  
-0.8440692913  
0.281864246  
1.726164199  
1.280591442  
0.5653923139  
-0.08920424882  
-0.5436922242  
0.04314821137  
-1.622227209  
-0.02925944002  
1.440104176  
0.6012576198  
1.972268518  
0.5953647429  
1.776835095  
-1.350931764  
0.5546692289  
-0.9977596731  
