3.945462562e-15  
-2.337469953e-14  
3.401715979e-14  
-9.135678145e-15  
4.001429557e-15  
-1.216716715e-14  
1.867151184e-14  
-2.042646121e-15  
4.600014575e-18  
8.223004615e-15  
1.180973989e-14  
2.798597136e-14  
-4.14241476e-14  
-1.190759295e-14  
5.678497895e-15  
-9.984096027e-15  
1.055361642e-14  
1.427634853e-14  
-4.373433816e-15  
-2.086579613e-14  
-4.620852335e-15  
-1.202922609e-14  
-3.543221037e-15  
-5.230284338e-15  
-8.586707995e-15  
7.351162888e-15  
1.784962146e-14  
1.298036761e-14  
-2.380907207e-15  
-3.444224347e-15  
1.346937982e-14  
6.330143148e-15  
6.169506992e-15  
-4.200649686e-15  
3.64680884e-13  
-1.189818211e-14  
-2.558586176e-15  
3.804745548e-15  
-2.193884737e-14  
-1.680015476e-14  
3.519774752e-15  
-1.597023826e-15  
-5.410725627e-15  
3.043336163e-14  
2.23936366e-14  
1.450271392e-08  
-0.04641928877  
-0.01758546306  
0.000435207879  
0.003563472664  
0.02634296834  
0.03767535449  
-0.01273182701  
0.05569337991  
0.0777815019  
-0.094325587  
0.05605031291  
-0.4078445984  
-0.01157152248  
-0.01418921597  
-0.3252002131  
-0.383928472  
-0.6756851488  
0.2941220352  
-0.3543624116  
-0.1824829508  
0.5939722988  
0.3951657652  
-0.4226071029  
-0.2334363773  
0.1320837095  
-0.06459059755  
0.4310658863  
1.643340887  
-1.425035716  
-2.269982848  
-0.1068446074  
0.8220171062  
-0.7095612705  
-1.202256254  
-0.04868297841  
-1.473188412  
-2.68806456  
0.1721514158  
-2.586478129  
2.093904301  
1.263125089  
6.475297561  
3.065161167  
