6.913886553e-15  
-3.004043972e-14  
4.119021871e-14  
-1.13994872e-14  
6.100545633e-15  
-1.471055253e-14  
2.203272377e-14  
-7.746733838e-17  
1.537270401e-15  
9.710756699e-15  
1.483237025e-14  
3.423909786e-14  
-5.0789463e-14  
-1.517961582e-14  
5.944302573e-15  
-9.64070146e-15  
1.432709614e-14  
1.618871782e-14  
-5.335711765e-15  
-2.354519169e-14  
-6.590081911e-15  
-1.44245038e-14  
-2.809898346e-15  
-7.432570705e-15  
-1.172006502e-14  
8.709047138e-15  
2.141658245e-14  
1.366567627e-14  
-1.491782991e-15  
-4.126677126e-15  
1.417557314e-14  
6.154735252e-15  
7.852948126e-15  
-1.64194505e-15  
4.468788359e-13  
-1.533945387e-14  
-2.385016631e-15  
5.283381366e-15  
-2.824636601e-14  
-2.053602388e-14  
4.594807255e-15  
-8.123662082e-16  
-8.043803317e-15  
3.637696275e-14  
3.010702328e-14  
1.780032999e-08  
0.07794379875  
0.06466934992  
0.005478107202  
0.0164308614  
-0.04421536926  
0.07055422368  
-0.005407175114  
0.08440092606  
0.3582399687  
0.1721749141  
0.2069035262  
-0.1551696774  
0.4263351775  
0.4661390847  
0.4985636894  
0.3952364867  
-0.2770491309  
-0.3361985407  
-0.1492576583  
0.3402071715  
-0.9586308558  
-0.6252750832  
-0.07540905094  
0.4906804015  
0.8868870161  
-1.521711192  
0.7681696832  
-1.295442517  
-0.4449781414  
1.685587768  
0.248333538  
0.8826264128  
-0.03062965557  
1.116636204  
-0.08226854444  
0.8155468211  
-0.7072967951  
-0.8227760478  
-1.651623127  
7.926797607  
1.780335157  
-2.158186911  
-0.2748817951  
