2.386492886  
-0.6907712406  
-0.5628214612  
1.280915  
0.1434733418  
-0.5462161997  
1.832050927  
-0.9557929119  
-0.6502254747  
0.1889148669  
-0.3504280812  
-0.4065700197  
-0.5342829878  
-0.9580055933  
-0.8277088312  
-0.6477604415  
0.5638177248  
-0.8451646953  
1.235375145  
-0.8136659718  
0.7984312472  
0.4875468919  
0.969886295  
0.1045459298  
-1.153240305  
1.501650286  
-0.7349986894  
-0.9997175667  
-0.8503877891  
1.767969415  
0.2335438739  
0.3745760946  
-1.195105865  
-1.529261914  
-1.023262316  
1.176151214  
0.8032904794  
-0.7877873815  
-0.2996999773  
-0.5589794109  
-1.198682784  
1.289948548  
-1.365926198  
1.620661774  
-0.6886622649  
-0.3597394073  
1.477961642  
0.1382675273  
0.771054762  
0.3883399078  
