-0.3310526167  
0.03821181033  
-1.198703889  
0.202720358  
-0.7980574353  
2.320205586  
-0.3726125561  
-0.2544927163  
0.3971939271  
-0.2832461422  
-0.4840246837  
-1.180278863  
-0.6609374474  
0.869186339  
1.633519345  
0.2917588217  
0.05057260699  
-0.7642145783  
-0.8386042931  
2.404249681  
-0.9286049345  
0.7279461234  
0.4416741859  
0.6786074603  
-1.480690907  
0.1156757375  
-0.1396141066  
-1.54578453  
-1.278601932  
-0.2831977528  
1.104705047  
-0.2055773998  
-1.022348408  
1.962858453  
1.106301535  
0.03563226383  
1.324674121  
0.8729989784  
-1.381897934  
0.8969522406  
0.8355150764  
-0.4247379453  
-0.4139429258  
-0.3678708609  
1.387413142  
-1.336429822  
-0.6374072163  
-1.375200195  
-0.04978755978  
0.3393468097  
