0.7159760391  
0.5403035513  
-0.5713771989  
1.397374188  
0.6007371379  
-0.535604292  
0.6772233974  
-1.549320775  
-1.894424631  
-0.6340528162  
-0.9999011572  
1.430692205  
-0.04960445211  
0.4659032196  
-1.015051201  
-0.2657839101  
-0.7813937955  
0.1014315448  
1.498193927  
0.2882679802  
0.830771686  
0.833752264  
-0.3500941093  
-1.395225243  
0.6169858149  
1.7650892  
-0.5522783329  
0.7919531843  
-0.3946178764  
2.055254264  
-0.5912007471  
-0.5491107612  
-0.4274837167  
0.4692916058  
-0.1793444883  
-0.922412901  
-0.2576614917  
-1.406518803  
0.2923492487  
-2.118022933  
-1.361826564  
-0.5050177107  
-0.6662850723  
1.943581842  
-0.07370600092  
-0.7347185855  
1.163376988  
0.5437689481  
1.206361113  
0.5534002192  
