0.2533913424  
0.02641398437  
0.007315674186  
1.535330084  
0.5813323975  
-0.1514413179  
-0.6701194281  
-0.8120343497  
0.7471794526  
0.2017776982  
-1.237871129  
-1.245486905  
-0.9214758233  
2.170428451  
-1.267580443  
0.5362158787  
-1.213179488  
0.4196159937  
0.142404202  
0.9538482112  
0.1584446124  
-1.103808421  
-0.1986065897  
-0.03284448981  
-0.6776943495  
-0.9575270525  
-0.4686852918  
1.236118784  
1.092525547  
0.6584251754  
0.234665941  
1.280269305  
-0.247259023  
-0.6541347918  
1.730176405  
1.609183607  
-0.659148472  
-1.50813112  
-0.8390937187  
0.05025292402  
-1.392390317  
1.593281448  
-0.6998499658  
-1.512346522  
1.040410403  
-1.223116285  
-0.6918476606  
0.5403656012  
1.86914677  
-0.28284694  
