0.6157208356  
-0.1940385887  
0.2251929841  
-0.7142431783  
-1.27524482  
1.785558698  
-0.4812674748  
-1.192366148  
-0.1515088763  
-1.125814863  
-0.772045835  
-0.1696796478  
2.332899625  
0.09090496038  
-1.616244124  
0.2627978402  
0.736310735  
-0.09105418686  
-1.11516704  
2.008873566  
0.3224416029  
1.067484351  
0.2996422646  
-0.6332834534  
0.8067167796  
0.3471295734  
0.5459397656  
-0.5639121615  
1.881634172  
-0.7009110071  
-0.2674159772  
-0.8381095635  
0.7460717821  
-1.004218043  
-1.994198483  
1.601945609  
0.7197002551  
-1.603270151  
-0.2910827509  
0.3618003803  
-0.06187557463  
0.2734608591  
0.2831999311  
-0.394623637  
-0.3571564257  
1.552320895  
0.569838081  
-1.424161062  
0.5227122654  
-0.9274047386  
