1.480410703  
0.4846364523  
-0.8197615314  
0.1055008479  
0.8303272342  
-1.17175151  
0.1300282221  
-1.227314  
0.7014269322  
-1.076960297  
0.02157742867  
1.291464177  
-0.6237821761  
0.9333911237  
-0.5468019878  
1.496877703  
-1.20063095  
0.2824003381  
-0.9810007135  
-1.519876516  
1.452462434  
-1.333035675  
1.23566746  
1.665759442  
-1.13825642  
-0.2668094615  
0.9982505335  
0.4339170295  
-1.046909957  
-1.634481586  
1.606120295  
0.7270867623  
-1.098685083  
-0.1068047277  
-0.5626734393  
-0.585438789  
-0.7919682093  
-0.7201581355  
0.8344580169  
0.3545511903  
0.6943790161  
-1.262854466  
-0.4769103143  
1.51745854  
0.3904332134  
-0.7871581566  
0.5648737191  
-0.2857775848  
-0.6276698718  
1.660012746  
