1.786385957  
0.1554666892  
0.3775239683  
0.8618847138  
-0.7874518022  
-1.973716463  
-0.7815697746  
-1.019244024  
-0.4147752169  
-0.1969261008  
0.9701555826  
0.05096117174  
-0.1180246279  
1.615429984  
0.4285102178  
0.07507109501  
-0.1315050687  
-2.354692943  
0.5826426253  
-0.6629981094  
0.08171383842  
0.6466922888  
1.113342477  
-2.669610624  
-0.482378411  
0.5149850535  
0.7412790292  
-0.3538955343  
0.6558284332  
-0.4868269144  
0.8420975973  
-0.1954050454  
0.1027980655  
-0.7103209179  
1.757035012  
1.323084058  
0.5167178858  
-0.4985731375  
-0.5714745386  
-0.09902109429  
-0.5308368722  
1.731597899  
0.2579089887  
1.70577887  
0.325031676  
-1.410572632  
-0.3079314158  
-1.11368987  
-0.3232448641  
-1.025237173  
