1.558751282  
0.8932118993  
0.4045613201  
0.6402009441  
-1.081454546  
-1.023722939  
-0.3475355049  
-0.2679721071  
-0.4922189601  
-0.8238768149  
-0.4501725907  
0.4213219669  
0.3016175848  
-0.7191227804  
0.7877523852  
0.7896001752  
0.7628601391  
-0.2018813129  
0.2443422237  
-1.185613475  
-1.575806839  
-0.8969030263  
2.335189033  
0.4315769525  
-0.758844695  
1.491858244  
-1.117990278  
-0.593050129  
-0.2776186811  
0.3766528091  
-0.1911356853  
0.6897119106  
1.688258617  
-0.4649832721  
-0.007865944449  
0.1369893847  
-0.2008817824  
-0.8481184718  
-0.3841307483  
-2.334917719  
-0.01156709933  
0.02222220906  
-0.1264206907  
-1.059867497  
2.036147784  
0.0742164875  
-0.3365044378  
-1.578043971  
2.266739726  
1.00443892  
