0.2699642375  
0.8600089725  
0.4409645199  
-0.8152927339  
-0.7022618684  
-0.274981759  
-1.520916085  
1.116785181  
0.5091438469  
1.031887223  
-0.4326342594  
-1.469884741  
-0.4176830732  
0.1918721718  
-1.67313242  
-0.2842091182  
-0.7744631502  
1.145642268  
0.9964287783  
-0.416252992  
0.5091073303  
0.2190772114  
1.061367318  
-1.120295694  
0.5005494061  
1.314875588  
0.3125700823  
0.9446613695  
-1.5350889  
-0.1478271191  
2.415282381  
-0.3001047474  
0.8693474436  
0.5710642062  
-0.8388422505  
-1.544481467  
0.4293143485  
0.8126098947  
0.102239628  
0.5145051621  
-2.05249799  
1.425251007  
-1.713237912  
-0.6598178467  
-0.1466167915  
-0.9122285519  
0.9298935677  
-1.089234675  
1.256501844  
0.09107115792  
