-0.1810218005  
1.72360356  
0.4877822709  
0.2348356627  
-1.385373597  
1.520939681  
-0.2830526543  
-1.185239762  
0.1243296801  
0.04524862322  
-0.4061380744  
0.5746466659  
0.3226930778  
-0.8934829963  
-0.6833726294  
-1.13045947  
-1.943455716  
-0.4741997815  
0.868137494  
1.164024643  
-0.489627178  
-1.245567611  
1.968957738  
-0.5340269967  
0.7778208991  
0.7330765644  
-0.8650544421  
0.3618870321  
1.610188475  
-1.477736541  
-0.7778121938  
1.443570226  
1.123511974  
-0.7238762998  
-0.8346878285  
0.1846136274  
1.618407412  
0.7313275913  
0.1329582928  
-0.5195904457  
0.4642540519  
-0.1990951957  
-0.6299991542  
0.1061382024  
-0.9964802448  
-1.06443978  
-1.711205478  
1.252282698  
-0.327179526  
1.386939253  
