-0.8518758855  
1.184252046  
0.7568895601  
0.653778797  
0.632440556  
1.51170017  
-0.2987843445  
0.3224863686  
-1.975134313  
0.08640624799  
0.4546687696  
0.2853689084  
-1.251856154  
0.317873444  
-0.863693814  
-0.5991050659  
-1.226027841  
-0.2308711152  
-0.3405034015  
-1.765795236  
1.143229805  
-1.014847351  
0.8484867321  
0.5267091052  
1.052113213  
1.123360461  
0.3843168478  
-1.219199155  
-0.7591418394  
-0.8041153428  
-0.0559022246  
0.531304976  
-0.2323258704  
-0.2092933968  
1.802323634  
-0.2723257591  
1.80359512  
-1.889993714  
-0.4268846678  
-0.5891115693  
0.7749929142  
1.270350861  
-0.7188844487  
0.3986028789  
-0.4248761746  
1.220895884  
-0.6918897711  
-0.8318275869  
1.928441184  
-1.470322443  
