-0.1561574459  
-0.3390421227  
0.4816213162  
1.880837455  
0.8243803674  
0.00197613768  
0.352508728  
0.3619103304  
0.1378185888  
-1.911037559  
-1.722938215  
0.09862190913  
-0.4449445014  
-0.6603781632  
-0.3770136955  
-0.6704171311  
-0.528149645  
0.6334164164  
0.1216497683  
-0.8333515304  
0.8006344827  
0.9369790123  
1.682861786  
-0.8661346715  
-0.07550394126  
0.2904561855  
-2.183328726  
-1.845337254  
0.7789580965  
-1.349862902  
1.736681144  
0.3433183358  
1.491106723  
1.358770215  
0.431512155  
1.669730034  
0.03325867367  
0.07700060047  
0.92011594  
-0.8637394063  
-1.589696664  
0.1304154877  
-0.1554865505  
0.4242082493  
0.2281952186  
0.5463714147  
-1.308568542  
0.7650335989  
-0.3056870781  
-1.353572625  
