-1.485914579  
1.071803336  
1.546135976  
-0.2012104959  
0.4213715856  
-0.3613029909  
0.03615326427  
-0.3729922631  
2.008521954  
-0.4151576982  
-1.22592825  
-0.357760237  
0.1874470729  
1.011969095  
0.9017338131  
-1.300052218  
-1.052618101  
-0.8088304567  
0.8867543746  
-1.596231849  
0.9676317394  
0.5234211003  
-0.5400081183  
0.1304665577  
-2.183356291  
1.821461988  
0.3034505961  
0.06374433594  
-0.9932181197  
0.7022451726  
-0.4098154141  
0.7738095702  
0.5344022921  
-1.925955072  
0.8976537218  
0.01979116398  
0.4202808184  
-1.117939525  
0.1592530255  
0.5083228739  
-1.816849938  
-1.106492867  
1.685233156  
1.096830463  
0.3606601167  
0.07704606657  
0.7509486984  
-0.6821600282  
-0.1480383886  
0.2332889737  
