0.01496902336  
-2.412013561  
-0.504695624  
-0.2407689378  
0.3106358537  
0.6909484252  
0.8459710233  
0.8946415849  
0.943812736  
-0.9619339384  
1.00123939  
1.055190521  
-0.5067906545  
-0.7668354565  
1.415861686  
-0.1681839508  
-1.777102887  
-0.3627997409  
0.5276042434  
-0.2257076996  
-0.6559677748  
-0.6503602981  
1.339498571  
-0.6394118913  
1.14403023  
-2.321483585  
1.540683166  
0.8298018804  
0.2902313157  
0.956179818  
0.4416161879  
0.4772434989  
0.05409403767  
-0.05541335917  
-1.549532833  
0.1975340248  
1.829074638  
-1.287635177  
-1.485072291  
-0.1563345917  
-1.745808362  
-0.4561822429  
-0.3901024232  
0.445389426  
1.213941909  
0.5263020334  
0.6324498348  
-0.6534362028  
0.4822429359  
-0.1276145122  
