-0.5198223569  
-0.9275919446  
-0.08566198115  
1.879870937  
0.3634555193  
1.213413221  
-0.01679233091  
-1.176494987  
1.010700542  
-0.4606248312  
0.8836132393  
-0.6729215422  
-1.559885105  
0.5847562845  
-1.851371687  
-0.6100889148  
-0.1060741405  
-0.5833843462  
0.4044849186  
-0.7281443588  
-0.07750834199  
0.9630512324  
0.5925410984  
-0.1475161811  
0.404679686  
1.197295495  
1.718333361  
-0.449605017  
0.9584817929  
0.04256220335  
-1.663076765  
0.6962375207  
0.9313553248  
-0.04486009828  
0.4789874893  
-1.096745278  
-2.258664435  
1.293496078  
-0.5365531298  
-0.9866180846  
-0.005896281594  
0.3078053241  
-1.084959016  
0.2575460138  
1.62514155  
1.202392818  
0.1254880177  
-1.23521393  
-1.482490967  
1.232876385  
