0.5693095965  
1.949363625  
-0.5609588929  
-1.212535636  
0.1847729677  
-1.105107909  
1.732651308  
-0.1054467874  
-0.3211434414  
0.0184321924  
0.08308627175  
-0.7347317881  
-0.3204229475  
1.922022242  
-1.397941693  
-0.3733969731  
-0.3793166882  
-0.03724740848  
0.2391474068  
-1.683069617  
0.4581330157  
2.100312795  
0.9287398984  
-1.152535851  
-0.08133462071  
-1.812962132  
-0.5242993564  
-0.8270660306  
0.7810602866  
0.458396665  
0.09097768381  
1.10959172  
1.717976784  
-1.467488686  
1.596981741  
-0.1843747895  
0.4284109927  
-0.6082266993  
-0.6715546951  
-1.5265856  
-0.6493465649  
-1.264473194  
-0.369434646  
0.1025773144  
0.4710935787  
-0.2687563261  
0.9122136808  
0.2821990201  
0.2051935075  
1.29711468  
