0.2494790799  
-1.17181654  
0.4126495134  
-1.157319651  
-0.6517825726  
0.7862505126  
-1.17235951  
1.504044341  
-0.8680582393  
1.26564601  
-0.8801806593  
-0.8618211965  
0.4733076144  
0.8888968999  
-1.321344483  
0.6444913693  
1.484903649  
-0.1147304495  
0.694952985  
0.38279034  
-1.007946035  
0.395606561  
0.7428998529  
1.601380957  
0.6505202492  
-0.9010374466  
-0.9363545559  
-0.3138366538  
1.126040567  
0.8982718905  
-0.3127794263  
-1.139749372  
-0.7144060821  
-0.2743520814  
-0.5532645981  
0.9085197542  
0.5963207282  
-0.4173176259  
-0.7958470419  
-0.5387668366  
-1.403656903  
-0.159824067  
2.043647078  
2.091534425  
-0.9421038596  
0.4788171531  
-1.115676097  
-1.211549403  
-1.064787671  
1.681697525  
