0.6005330913  
0.9009224597  
-0.3238860102  
1.463827595  
-1.617203525  
-0.9701005163  
1.614817178  
0.09483453977  
-1.707399332  
-0.2525058599  
0.828931197  
-1.964595007  
0.9684317608  
-0.03361305225  
0.7401509937  
0.3468399266  
-1.227922275  
1.489301099  
-0.1060587942  
0.3433980932  
-0.274170031  
-0.8912441776  
-0.4201456224  
-0.3047952734  
-1.037758703  
0.4712419463  
1.526828985  
-1.590589541  
0.4461508746  
0.352255578  
-0.957105848  
1.073237995  
1.168831944  
1.145063622  
-1.150695433  
0.6955028149  
-0.696219301  
-0.7787241379  
-0.6686944035  
0.5592132764  
-1.288152518  
0.5067667224  
-0.1824419779  
0.9652696038  
-1.63566539  
-0.03728337669  
1.794859896  
-1.022444785  
0.6325333148  
0.4096703841  
