1.580557139  
-1.217860665  
-0.01253548363  
1.615409318  
-1.033100149  
-0.799816053  
2.945686275  
0.1655292018  
0.3271350777  
-0.7829871  
-0.3683299527  
-0.5171421066  
0.4951779852  
0.9709746408  
-0.829418144  
-1.801007863  
-1.231317344  
-0.02786154526  
0.4494879539  
-0.6773696792  
0.1110983068  
-0.05301167696  
2.052791616  
-0.5656654544  
-0.07547668219  
1.199086849  
-1.538202201  
0.433091672  
-0.6406319614  
0.2944362012  
-0.1615960483  
-0.70774631  
-1.182970511  
-0.8263721319  
0.741291698  
-0.4176885836  
-0.5550477691  
-0.2939548223  
-0.03385481762  
-0.6564376441  
0.4360562389  
0.5669326004  
-0.344943005  
1.431436174  
-0.145492601  
-0.7979116287  
2.12714873  
-0.4570290382  
1.398492426  
-0.589041131  
