-1.3611996  
-0.9944667156  
-1.809052876  
-0.5149532419  
0.446827557  
-0.9797150224  
-0.2927162023  
1.340717341  
0.1648331461  
2.283796387  
0.1508000279  
0.3245951099  
0.3315112482  
2.635686954  
0.2375288462  
-1.605146873  
-0.515841433  
-0.2356894626  
1.40448106  
0.7495719354  
1.778269144  
0.128128516  
-1.046881704  
-0.8192438764  
-1.131041186  
0.8277829678  
-1.104483385  
-0.7301850699  
0.5665562741  
0.04559331034  
-0.2125754606  
-0.9083904107  
1.290958921  
0.6142909981  
-0.9159756006  
0.9807147935  
-0.04758645175  
-0.9273246531  
0.4645760156  
-1.054730343  
1.288457662  
1.270125036  
-0.6259651383  
-0.5466459575  
0.6704413425  
0.2928313318  
-0.9257373069  
-0.1693805361  
-0.5692410399  
-0.24490638  
