-0.9435708773  
0.2067483053  
-0.6665636324  
0.3706928799  
0.5923556226  
-0.3805773837  
0.7663657298  
-2.11345597  
-2.125446638  
1.780112217  
-0.3295729887  
0.8179926377  
-0.4221245453  
0.2849771368  
1.111807647  
-1.328420936  
1.564530881  
-0.615589518  
-0.6215099406  
0.7838356322  
-0.7564524001  
-0.2004525226  
2.497738643  
1.265056345  
0.1363207606  
0.5968784226  
-0.3145099385  
0.9416281776  
0.671888703  
-1.297125249  
-0.8022793341  
-0.07919110313  
0.939088856  
0.9072024218  
-0.2973463801  
-0.2559569812  
-0.6703054912  
-1.278842882  
-0.09371625987  
1.928991247  
-1.864809708  
0.2693690915  
-0.9670716649  
-0.4944438442  
-0.6380465473  
-0.08918843396  
0.3282352862  
-0.257414402  
0.8389933594  
0.303175571  
