0.005555407632  
0.5615857324  
0.9360646434  
1.046159694  
-0.8149348856  
1.113295412  
-0.1202657966  
0.5143472703  
-1.854415366  
0.7019128172  
-1.431626859  
0.4835546385  
-0.7681575454  
1.797741666  
-0.1484253183  
-0.1233509506  
-0.2638150328  
-2.125665764  
-0.003034923163  
-0.8586533997  
-0.8255353699  
0.1200075712  
0.8281638909  
-0.5161629835  
-0.2244907406  
-0.8822580616  
0.1245105808  
1.122931126  
0.9690532722  
0.1067784725  
1.550013786  
0.6499281849  
-1.657520908  
-1.81383137  
-1.263439149  
1.687004117  
-0.2333461683  
1.686050134  
1.472916076  
-0.2090705348  
0.1084158482  
-1.921784855  
-0.6389231882  
-0.3251275184  
0.3630385847  
0.9154695589  
0.2682230728  
-0.2429131235  
0.6519351769  
-0.5179069216  
