-0.879316988  
-0.6192348772  
-0.4944045729  
0.4456829645  
1.266398108  
-0.1801730508  
-2.174975721  
-0.8667796702  
-0.5742919584  
0.3577446046  
1.395263641  
0.06919490414  
2.497720504  
-0.2678621697  
0.05717589695  
-0.3097134978  
-0.3686065717  
1.049586886  
-0.7616724923  
0.6681973915  
-0.3334736492  
1.522748634  
1.748973454  
-0.3641698012  
-1.091826888  
-0.06003325953  
0.04350950211  
0.6771364719  
-0.6751339395  
-0.7996932778  
-0.7692114223  
1.251432017  
-1.032566454  
0.2783522396  
-0.2057166304  
0.3042550295  
-0.3676722267  
0.7625419571  
-0.3619981395  
0.3776980284  
-0.4780830414  
-0.1300419007  
-0.4826985173  
0.01252923391  
-1.76084002  
1.235526341  
-1.933907662  
-1.052998657  
2.299405373  
1.076023876  
