-0.1418034043  
0.1837922283  
-0.02855863049  
-0.6994220698  
0.0648357115  
-0.3043590561  
1.674260991  
1.53992526  
-0.3909357499  
-1.115116251  
0.2102263109  
-0.3098652392  
-0.8158950077  
0.6094603732  
-0.475469968  
2.374146247  
-1.835176021  
-1.16295998  
-0.8592019459  
0.4756160005  
-0.8563806296  
1.828729562  
1.620720344  
-1.242787441  
-0.5634292584  
1.144742112  
0.8666587837  
-0.4209499267  
-0.689356791  
-0.9154083795  
-0.3415632985  
0.9429724187  
-0.5207090821  
-0.7080952197  
1.05173124  
0.007044694514  
-0.1035611071  
-1.140599593  
1.51753841  
-1.370961731  
-1.091922194  
1.004846494  
1.464093338  
-1.522223394  
0.07996398396  
-0.2335512452  
0.1112329336  
-0.03631172424  
-0.2117902204  
1.33582712  
