-1.409732737  
-1.221644071  
-0.2812768172  
1.700268074  
-0.2800678611  
-0.07114833508  
0.749232503  
-1.258343642  
-0.3522743688  
-0.4695668535  
1.648465749  
-0.114986135  
0.5529470053  
1.136747008  
-1.020987565  
0.866310554  
0.5186036805  
1.661457593  
0.2117666731  
-1.225613688  
-0.07807824419  
-0.08988670536  
0.2638367222  
-0.1479248854  
-0.8863429223  
1.163939683  
1.478036444  
-0.8303526547  
-0.9660450594  
-0.5343545764  
0.8173701905  
-2.636686721  
0.05772793686  
-1.102929917  
-0.4424820539  
1.095544021  
2.145508984  
0.8259973876  
-0.1712825528  
-1.381294796  
-0.6630122894  
0.836415505  
0.9137697686  
-0.7395628124  
-0.03068211759  
-0.6118804641  
-0.5388337621  
0.9201244862  
0.8475855289  
-0.8543808922  
