1.621245878  
-0.940935253  
1.917233303  
-0.4768294571  
-1.025463939  
-0.2176230103  
1.3640359  
-0.7646788012  
-0.8396578043  
-0.6686850766  
0.8855816639  
-1.040558239  
0.9812303488  
-0.1603898364  
-0.8850756645  
-0.103391068  
-0.7731706277  
0.743044921  
1.937949558  
-0.2349097295  
1.678211829  
-0.6540711301  
0.7908269196  
-0.9468792005  
-0.9990697015  
-0.2376712621  
0.184856386  
-0.9183804421  
-1.091154799  
1.635565816  
0.1717665858  
-0.8449085905  
-1.440186696  
-0.9500440236  
0.5274770599  
-0.1693440611  
-0.1365424444  
-0.7902916435  
1.590038602  
-1.141883638  
-0.7463489145  
-0.2789193255  
-0.8871472346  
1.142476223  
0.7564226909  
1.261192657  
0.7454986092  
1.708897785  
-0.5267791805  
-0.7525619411  
