0.7039260202  
-0.7174932562  
0.9747424639  
2.549936037  
-1.601744409  
-1.616463744  
-0.3066257438  
-0.5214465682  
-0.3725456172  
0.1529359639  
0.07670207952  
-1.027553743  
-0.4129957978  
0.4749675991  
0.5271204552  
0.01097047503  
-0.5584234911  
-0.1603233081  
-0.0960040363  
-1.250601228  
0.02421003852  
3.029593239  
0.1770293664  
0.58684864  
0.5611238977  
0.6926495333  
-0.08443799667  
-0.3450785671  
0.5010186495  
0.1968707045  
0.7919764873  
0.0375591731  
0.1086666139  
-1.028032142  
-0.2986085669  
-1.04993676  
1.12192542  
-2.731751172  
0.767100427  
0.5329706528  
-0.0572817254  
-0.4939086423  
-0.8128116225  
-0.4779639764  
-0.4042898849  
0.06347141196  
-1.323805119  
0.1975772874  
0.865340871  
2.022893612  
