0.1089225503  
2.051105742  
-1.702241604  
0.2601587483  
-0.6592213226  
-0.451651549  
0.7888680168  
-1.084649553  
0.34781857  
-0.7730520231  
2.524108627  
-1.119221411  
-2.070404287  
0.5981384517  
0.475946007  
-0.1936594995  
0.513807414  
0.9190300969  
1.009848319  
0.01807925184  
-1.031595193  
0.137343339  
0.8020340157  
-0.9753774958  
0.2077421334  
1.60761744  
-1.345666099  
-0.426473093  
0.483152881  
-0.04637143402  
0.01304048748  
1.26014004  
-1.672409292  
0.05924557397  
-1.561383951  
0.694476649  
-0.5902959764  
-1.751929434  
-0.3701585949  
0.7314144189  
-0.3980178586  
-0.2906552938  
1.429005013  
0.4489583943  
0.6641353785  
0.9068633585  
-0.5883977886  
-0.4098210223  
0.8177651038  
-0.3661122463  
