0.5964912067  
-0.102439316  
0.6666238151  
-0.7386040491  
-0.1561113725  
-1.068467795  
-1.327348729  
0.3494387441  
1.133429031  
-0.1554437467  
-0.7201588885  
1.156307838  
-0.2462447273  
0.5876998642  
-0.2307298637  
-0.2719470371  
-0.5639234227  
1.697266541  
0.6537324357  
-1.443502045  
-1.174240117  
1.212084229  
0.9590233456  
0.142032435  
-0.2518781611  
1.157778394  
0.941255857  
-1.646085803  
-0.2483312977  
0.8734419864  
-1.685603157  
-1.28363719  
-1.61784168  
1.86120521  
0.3527381218  
1.831827143  
0.9989972141  
-0.6001511493  
-1.183809243  
-0.44695098  
0.5614410812  
0.01122426392  
-1.092351503  
-1.217050491  
-0.8069383474  
0.413046903  
1.682862428  
1.197481676  
-0.6950683232  
-0.06257132952  
