-1.130318252  
-0.1296276679  
0.1547158377  
1.216580312  
-0.2668601029  
-1.114378467  
0.4468199747  
0.04651971821  
-0.7203976331  
1.279738636  
-0.233888662  
1.985802043  
0.2161092783  
0.4368054516  
-2.036688388  
-1.003945903  
0.5642864035  
0.7906052667  
1.166290638  
0.5285233721  
-1.541859885  
0.7758582768  
0.5691714083  
-1.072561692  
-1.245326106  
-0.7964864486  
0.8345791576  
-1.17406317  
-1.220302928  
0.5413956734  
1.081328525  
2.532674169  
0.256838977  
-0.9288962555  
-0.009948980142  
-0.7452878414  
-0.7603758781  
-1.919642298  
0.2006048293  
0.6327601608  
1.154682118  
0.4621360434  
0.6779041619  
0.4918587986  
1.057657676  
-1.46160002  
0.5702866856  
-0.3924455327  
-0.312221522  
-0.4554099599  
