-1.150491853  
0.8071885213  
-1.974664254  
1.191394672  
-1.117073664  
-0.8065577537  
-0.196891007  
2.212295153  
-0.4188973997  
0.3989485321  
0.2599400854  
0.6981036958  
0.8558658633  
-0.5342647615  
-0.4350068416  
0.04968466108  
0.2005968648  
-0.2140963434  
-1.10849358  
-0.7616719992  
1.134281557  
0.2844598883  
1.329897066  
-0.6939089944  
0.2893701988  
1.866627029  
0.9059224378  
-0.8051409675  
0.5897213666  
-0.1064620359  
0.005354585735  
-0.05166619874  
-0.7029132388  
-1.852052604  
1.772306971  
0.6415184894  
-1.081287181  
-0.9129371717  
-1.125179409  
0.7938524566  
-1.035723754  
-0.8441718701  
-0.7748804358  
0.1112140529  
2.216141251  
-1.09682208  
-0.789169377  
0.8062689463  
0.6828827904  
0.4865876415  
