0.8046853108  
-1.17114723  
-0.3991646534  
0.1879053846  
-0.006843709225  
0.4586414519  
-0.6612457778  
0.6081830445  
0.8314069292  
0.5663713253  
-0.4343997467  
-0.5011252416  
-1.026724531  
-1.248215079  
0.2371588845  
0.9770828684  
0.8176099727  
-0.7629536659  
1.241720571  
0.1291734226  
1.334170924  
-0.4835827321  
1.870047719  
0.6445405366  
-1.172582413  
-0.2859404223  
0.839541072  
-1.102497034  
-0.9845140827  
1.653129682  
-1.57587245  
-1.572001657  
-0.5438931381  
0.4166182157  
-1.594683123  
-1.17246113  
-1.178651514  
0.5713176858  
0.4767122474  
0.671388788  
1.222949114  
-0.7680388701  
1.191594051  
1.366773898  
-1.809287291  
-0.431570308  
0.5019754448  
1.03152691  
1.335554085  
-1.100383737  
