2.402695452  
-2.366503943  
-0.5181206974  
-1.160091817  
-0.06335742637  
0.4482930624  
0.4040073974  
0.2759677081  
-0.2604799742  
0.7964309531  
-0.2453641125  
0.8319042569  
-0.6699795296  
0.728447094  
-0.2033866172  
0.7212398972  
0.5446556092  
-0.01473633765  
1.92887015  
-0.2556040142  
-0.1883528642  
-0.3913614172  
-2.17269267  
0.1364574965  
-0.128003467  
0.5316293546  
0.4682771158  
-0.67131098  
-0.07779968644  
-2.248824836  
-1.098081162  
1.416388157  
-0.5806642729  
0.2674851483  
0.6406517498  
-1.032526684  
0.1614811716  
0.7432438146  
-0.4151572392  
1.961611875  
-0.6502505411  
-2.15616342  
0.9356005541  
-0.3505038183  
0.4580394746  
-0.05907967864  
-0.06952947764  
0.2259813667  
1.207790984  
-0.1892231589  
