-1.039947927  
0.2341609401  
0.4739396912  
0.9230875072  
-0.7434025903  
-0.6862231908  
-0.6843575351  
0.4264882038  
0.2017892679  
-2.016518474  
-0.331630131  
-0.1398790161  
0.8802728754  
1.691737938  
0.5885096448  
-0.7464240985  
2.384278042  
-1.463929923  
0.359079033  
0.06617225387  
1.90060529  
-0.3291813059  
1.135396626  
-0.2073419558  
1.559173623  
-0.5360458662  
0.183677511  
-1.387099453  
-1.61181199  
-0.5041551627  
-0.7696245228  
2.191450996  
-1.171112019  
0.4915954896  
-1.039489812  
-0.9258492334  
0.1849839617  
0.05232154767  
-0.02990194309  
-0.6745906292  
-0.7031592622  
0.5362109609  
0.3795190911  
-1.255789028  
-0.5418798129  
-0.5271983503  
0.7249210485  
0.5591960145  
0.4376064483  
1.500369227  
