1.124650126  
0.2456765082  
-0.9836043129  
-1.124899002  
-1.64100796  
1.580854915  
-0.6241157132  
0.4047670797  
-1.314514323  
-1.811863708  
0.3972549054  
1.116153012  
-0.05159552063  
1.712907556  
1.13723714  
-0.1854119657  
-0.234688687  
0.8750190617  
0.3104804349  
-1.148497697  
-0.6327538843  
2.054042682  
0.2650290128  
1.351540946  
-0.3315362312  
-0.1528615112  
-0.4486691802  
0.1159726653  
-1.439314342  
0.9488954078  
-1.462536377  
0.2868447391  
1.410355523  
-0.847698706  
-1.00466628  
0.1316342791  
-1.611237569  
0.0561178035  
0.04301608411  
0.9184200707  
-0.6082158793  
1.921025947  
-0.2072103776  
0.9478840174  
-0.3929854973  
-0.7550865106  
-0.7873089763  
1.007252855  
-0.3964995777  
-0.1642529836  
