4.335792648  3.901829173  0.3503600772  -0.02677518514  
4.030654986  3.627232317  0.1270865707  -0.06083725433  
4.030419684  3.627020566  0.07418207531  -0.03060217699  
3.95465669  3.558840584  0.07972180417  -0.03069115327  
3.871042308  3.48359505  0.1265127065  -0.03573092953  
3.463294282  3.116657959  0.843327906  -0.218900751  
3.370558742  3.03320419  0.2766447597  -0.2683729357  
3.319131598  2.986924319  0.3185275615  -0.1564412417  
3.294673344  2.964914057  0.07168185243  -0.06729487417  
3.19600771  2.876123729  0.07826874574  -0.05487098618  
2.812318967  2.530837861  0.2452616209  -0.07502027705  
2.773904307  2.49626807  0.05293804601  -0.02805914745  
2.760756106  2.484435855  0.08861459317  -0.06060402288  
2.717741832  2.44572682  0.03627708298  -0.07688764588  
2.687044458  2.418101903  0.1510565922  -0.03201077305  
2.685251488  2.416488389  0.01778530908  -0.01483264417  
2.681151484  2.412798749  0.1538241905  -0.09374311515  
2.661826953  2.395408383  0.01701266204  -0.02331625894  
2.635484663  2.371702657  0.01298380092  -0.03326376272  
2.569690579  2.312493811  0.04985067548  -0.08246514817  
2.566951264  2.310028671  0.1121600549  -0.07074272465  
2.514856383  2.263147894  0.01559405864  -0.02208411528  
2.507740396  2.256744137  0.05162144131  -0.01255653836  
2.478518985  2.230447456  0.08057537659  -0.04058068709  
2.475611669  2.227831129  0.100836489  -0.1141234967  
2.468698034  2.22160947  0.1336348512  -0.04253675558  
2.459382098  2.213225953  0.1102813353  -0.05579024011  
2.425006717  2.182291157  0.05876945669  -0.03426054518  
2.397818882  2.157824515  0.04323401343  -0.01606612279  
2.387605287  2.148633184  0.05614247543  -0.0397916235  
2.364345796  2.127701703  0.01802230056  -0.01972922576  
2.332009732  2.098602111  0.02398939819  -0.03142860053  
2.33021741  2.09698918  0.1298430071  -0.08359422146  
2.223808252  2.001230367  0.01876474184  -0.02615850964  
2.216026269  1.994227272  0.01581278502  -0.02225446198  
