11.36988166  303.1662225  227.3144707  115.3721452  47.36410611  37.73727595  71.51075898  19.57930173  74.08213205  17.1713262  144.3716177  122.3166619  4.464396767  8.240343458  143.6745933  10.03132352  37.41454029  21.05931327  309.2640259  3.674975305  4.695062235  38.92586833  1.618086976  39.66671116  131.7699366  1.086869407  7.442111467  7.057870353  1.38893475  10.17052495  176.5507742  253.257739  159.3405973  331.8864201  253.5119453  
13.35280972  238.9391286  230.6719389  46.14810007  92.08713253  38.850747  90.10375138  45.63322427  57.76370318  55.8157681  58.33728257  146.7029907  0.4662720131  12.54807298  199.4260085  64.13330722  4.974110877  6.249301208  288.4733847  34.67219661  35.48413806  147.3267794  21.12366243  24.19892747  339.254622  6.009710659  34.84601145  36.13876399  24.83069055  66.96685516  312.1284894  116.1084158  32.70081555  63.81043293  106.5639229  
22.49141838  175.0585567  276.9056083  2.615638724  122.4984025  71.56894029  111.8358205  72.78953185  0.3903923031  69.65082874  46.57699106  37.68438274  27.23411791  19.4741513  39.80994398  141.4975681  68.38501666  13.29532854  89.61507292  123.4937085  82.79884421  86.86250845  182.8407226  39.89167428  298.0269246  3.260791327  104.0180929  138.4917822  20.85298708  148.5033208  223.4992042  92.28987161  28.27805408  89.51238934  29.65299599  
22.96190185  115.3441557  298.2613851  84.64293231  227.0136417  40.96257737  59.00177927  62.37942527  43.12394996  67.10473811  5.987925971  3.699347176  29.25053614  38.94678843  59.42456312  134.7796873  140.097463  35.89462552  0.2581714089  187.0403747  70.96381322  5.262148108  272.7038378  130.937168  43.7167212  6.221544036  39.12828383  277.179959  0.4405897057  169.2648751  24.08661237  27.32607348  49.85639941  124.4694768  2.848406766  
3.24461191  70.48450091  202.4616507  172.8309983  296.7455562  1.998397408  14.76997753  30.89025331  93.75005688  96.59817587  27.06857001  10.69051631  10.97233018  57.77564621  218.5454482  60.31730122  91.15783002  57.77841283  10.33541383  180.4059819  21.47688338  145.3593036  214.4462286  105.865307  83.57696263  65.81595239  26.64458533  261.2783099  39.11991647  106.1345458  77.12098057  11.67301138  48.50757632  11.71225088  2.648303703  
7.672183747  29.62318474  58.08474802  177.1267686  215.0266061  16.01838266  3.630075183  54.51579152  150.1927341  108.6458617  99.60072176  67.97141392  96.14933588  61.44426981  190.9967922  7.060203171  27.07652743  100.9894954  52.00010827  176.3041155  23.34827771  129.1418161  262.1078094  78.44108973  212.2599046  155.1251442  99.36395654  157.1982866  78.60932927  23.27367868  77.31352392  103.4463374  33.51513797  72.64175402  7.451817909  
21.54145102  5.499097981  14.80715247  130.3176758  165.4139468  30.06759601  0.673386019  110.2957542  210.3383502  125.6699204  90.83179993  80.49082354  138.6726964  65.04432331  43.15882876  3.441297789  19.58793617  196.5352183  307.0014351  189.975926  137.5486904  11.16261234  155.1435508  150.4827322  123.3741835  172.8900744  23.72521085  125.6423596  76.44608715  4.220180832  13.05988296  137.7173514  8.873725869  208.5101447  6.032471291  
29.08565167  2.806171888  39.4229988  121.0973359  194.9017902  20.67477455  2.194604303  108.8583018  158.7013662  163.9705669  68.31612852  14.13950331  61.21691219  50.23307615  29.28879865  23.53182293  10.57710252  203.8322709  294.1600586  190.9772831  349.8379463  28.35320053  1.248065426  209.1437212  18.30659001  80.94910902  108.3866127  60.41549239  57.06905443  41.64809211  173.3803411  56.83056879  153.3509091  180.1230095  2.897091394  
74.33146781  25.00905776  55.10640879  89.41238007  189.9798961  47.01956374  8.028160087  97.73561583  59.72790912  141.9490069  73.79436884  8.389187113  24.48024642  43.04105945  192.4275597  54.06604191  1.046462136  76.66807211  35.13968901  167.6645397  434.4138968  21.68334385  94.04354607  209.643084  5.307817488  69.53373544  269.3553558  15.56992596  30.89729012  45.21582193  158.2033802  28.41111225  355.177331  104.191251  0.9066324922  
141.7174414  40.70212488  73.28446128  5.417569673  181.4449908  105.3512484  15.40396085  131.6620907  12.82853322  92.99653388  45.23623367  40.52813384  39.73482488  91.61102252  349.745928  82.92697324  48.28504715  17.27043299  78.46385058  78.23696147  286.1283144  1.591068764  55.81542284  208.7481733  83.26478683  180.8773873  103.1198617  122.9068536  1.455839207  7.534593365  30.27901725  65.01811161  270.6241007  65.02965587  11.06384535  
120.6739354  34.45310575  57.08252584  66.86571135  195.9448116  149.862687  16.33237615  144.732331  34.26392438  125.0035138  14.30867495  54.07223297  111.4380745  80.82547771  251.6410565  48.23762915  153.9270774  29.5571375  62.96930502  1.634252831  121.1760805  11.74049196  57.6992223  185.5938226  158.2499034  163.6132023  16.72077846  161.5752695  31.81891412  10.39406261  175.2174295  30.61566897  73.07851604  80.44865679  7.151622515  
47.79121638  31.82995136  16.89616574  177.0551602  219.1608945  116.416342  34.9895295  141.5433623  71.17164126  184.2286317  14.69023835  34.36368978  185.0796469  6.653438846  43.54458217  2.871604005  233.4356082  29.14622147  8.336929469  63.57189039  69.47620659  83.35093647  248.0389862  95.03460559  100.8516219  53.07845135  128.4531134  73.5378715  106.5437586  63.07420134  198.2256038  2.741859827  27.83166397  121.443  9.481093361  
50.01991247  60.10581689  4.475805763  145.5409186  171.1683858  62.89977388  68.44399853  135.004013  81.61470336  153.2309153  16.79054336  42.58060067  96.21658506  73.55332134  26.836425  97.41514076  211.7018379  170.9766208  116.4665659  102.5948681  99.54157581  206.193947  174.6154108  62.40648922  53.05015014  5.427344426  98.46041385  95.52927704  75.83846016  73.10429806  55.24009742  41.48568475  26.70665118  91.25830508  89.5278456  
37.62953543  72.77543003  4.173399826  121.9740598  62.59366528  64.57691943  122.6549498  83.59720674  112.3909657  76.73399536  26.92720467  203.8462063  1.812624032  164.4343669  49.04961625  223.4977126  117.2481554  288.265258  53.78243637  32.62764465  136.0080494  186.9088157  116.3563583  152.2341208  94.15259764  12.92698313  129.6466682  210.6003451  0.7854870931  26.0015199  13.82094422  28.34860798  28.8257424  63.09399587  169.6408061  
0.6582743907  44.15534523  16.64767591  127.3648616  7.478262231  59.67564355  148.4732046  109.3640054  197.8765544  67.17317178  34.12328927  295.920578  45.46645205  87.25838757  12.98083084  185.2424582  75.71862514  164.2439317  10.58035792  42.84177344  75.63436209  70.25052872  185.4293483  160.242021  129.1207555  90.16980139  212.2596431  274.1261826  56.9048267  22.77376345  9.161811002  36.32746135  68.75979484  90.61457062  199.4613117  
47.94742705  15.95395842  51.36778198  55.25844976  43.30808187  122.5170384  55.244291  229.5421388  209.3584305  93.93925009  20.26411684  276.4090952  111.8640457  154.4570992  12.38640078  45.27503337  129.2263928  43.31894253  79.17362711  72.1976086  30.27533864  3.22911206  83.080645  69.61874706  99.50701025  113.7897455  110.8027069  175.585886  98.58749151  44.40111296  37.76019975  134.7276621  69.09601188  98.12240647  269.925981  
70.82328567  2.285696956  63.10336595  24.97341963  91.42158781  241.9999406  39.97280172  212.6236573  124.6128691  86.02566889  14.67827155  361.5933739  106.5006165  444.4284851  48.64290225  30.1349035  120.846277  19.63980415  18.45843194  15.63764122  81.62088195  17.9477759  25.41635105  13.29780329  53.20084318  32.33122287  27.86570503  48.01665113  53.50144556  26.47869198  62.25196617  181.0517804  52.72870133  77.19087525  235.3960294  
19.52325619  8.243575151  57.61756659  109.8329853  116.1072678  239.7881455  134.6462943  80.21463552  109.1052117  63.89542123  31.85351764  339.3434889  65.30187428  465.8468877  155.8790429  178.1956431  31.59113136  1.820274473  38.16481327  6.265737243  53.34890735  37.60050261  58.19413461  4.542330994  21.23002771  77.54366686  41.09288252  97.98120402  58.73867541  14.47473015  37.87553354  128.4906806  69.24129302  61.16762202  67.31203544  
73.29159537  38.09981319  43.08231825  158.4436002  104.8497248  128.1064255  135.9965189  58.63804711  114.2061251  42.22509235  73.0697048  134.15208  52.69388898  191.0287437  257.5117165  262.7132221  18.91561965  4.742632157  86.29105896  15.66566817  22.71087476  11.93992485  15.09253964  55.76333087  2.064933039  197.3936599  172.324813  136.4363857  43.17843612  5.651952245  70.28231082  73.38724715  81.77201228  37.30744219  191.7326222  
176.2325113  79.12912584  11.74773982  91.3264449  42.35029469  101.6721606  136.1933001  115.4163467  63.01756983  34.77141635  140.1838277  27.07456409  47.85700759  23.18579746  182.3308165  148.9015868  78.63577072  7.567946347  56.86861362  18.86732176  70.01216597  39.3834761  12.48911083  89.02979895  0.5473820974  128.1739629  336.0132367  47.62640948  0.8435055677  56.97419256  74.71441591  152.3626907  106.5764623  4.369792286  504.9759881  
193.4817492  118.96542  2.66315992  44.55491439  2.263818613  152.4205864  149.0546203  107.8107184  18.27487402  90.35639747  202.5227555  7.090546671  26.29992491  3.6034644  33.39133437  10.24699281  147.0899289  17.9438075  94.7848487  173.3169196  46.97388162  43.37677048  30.53531917  37.10000549  4.392822316  9.14262629  220.5690984  4.491556852  22.05605236  222.356359  20.34428345  363.7332868  141.7485929  10.98857613  446.4938276  
160.8744576  140.4737803  8.518213261  79.03590425  7.024170388  148.5020892  111.9870389  77.58579723  0.7883035186  162.1846725  208.9887614  37.21734174  14.71379984  20.426218  8.764283441  25.61281288  185.8040532  46.74102539  79.34424612  304.8882734  12.38424201  30.40384867  18.19879634  3.486366346  16.92506262  35.28055673  39.22180179  13.34669931  41.63587747  246.1296495  35.20094487  485.2743147  128.2082884  44.72995143  151.0453266  
120.1516899  115.6410815  2.148862751  68.55024984  20.55409866  112.5948233  237.4002686  72.51069271  8.930509705  160.3545328  158.5834882  99.26501337  32.46966083  66.73066813  78.38331832  55.56127282  142.9970867  57.37604163  55.4146758  177.5273192  18.6713309  214.4913735  19.30308525  6.883345658  8.583734018  92.05423101  96.21802501  83.7732794  68.78497134  111.196874  45.41379812  382.8570353  85.93271102  37.39389855  12.00002319  
126.8881204  98.631206  4.175408447  23.48626612  60.02814141  71.87841644  383.4843009  45.27150507  40.3944234  151.8781027  111.9545603  34.65114813  57.40975113  124.8614803  128.3797  28.4948158  116.6013697  107.91123  81.71556037  28.4102888  6.993676093  260.8872441  8.645716167  31.8160226  8.459601738  73.95279091  118.8129976  169.042953  100.2918147  115.3489241  37.06565866  197.9619123  99.00507355  9.035846377  11.98030723  
140.9324877  98.09057794  18.54676764  24.75416701  125.8809093  95.05661532  241.0161252  39.88873702  48.36180537  207.0686469  104.4622363  20.50257432  92.20893553  124.4775771  91.86191713  10.30421573  158.8082001  143.6694293  125.2998475  14.21408024  48.4677665  77.96930446  17.69431877  79.79242243  40.13116511  25.25519185  68.82820204  79.83392909  147.0966941  147.5520442  24.85278051  76.49953793  188.6461275  4.265348708  36.35203109  
94.3560328  54.82284409  30.7830446  37.15783592  137.9996552  173.1914987  68.99229029  106.8992595  14.66030504  221.7636468  129.5175762  121.043616  142.7901544  53.59379324  19.64738506  1.612024348  127.0368508  56.41741021  243.2971019  12.31335371  128.0164458  107.8238835  6.457346558  63.99613351  22.61033878  1.22980377  154.1944705  45.04144104  314.8572387  59.52808644  55.92717301  19.66463422  259.7816821  6.166914876  19.81053483  
63.97302923  32.56992795  28.46543591  82.55152478  80.09610777  192.978705  55.16325908  163.9762732  19.19901915  153.6491438  150.4272308  88.69657023  167.7720965  44.04339118  4.171151992  55.14233778  36.12097963  2.971480004  176.4975872  29.83542865  144.0041634  86.48152215  16.64802379  9.319857768  56.0964295  20.85025277  212.0663019  184.3739715  416.3852912  23.96985564  213.6454282  1.831825147  204.0807838  22.49354962  17.2380466  
101.4147585  66.14093727  13.92025059  92.45254347  21.71958976  150.5704585  45.80855729  160.8746776  106.8589684  123.205587  112.2517926  41.682351  141.2737385  73.86003209  23.59954596  161.9091119  3.415853514  67.54188124  23.40316175  104.8882807  110.5558866  16.87807386  105.2847149  5.114056805  236.618416  117.7560597  135.6724008  130.3451449  286.2711935  25.02238743  232.7261256  1.53924735  82.77489474  30.18441311  88.51384753  
183.503756  57.76572705  2.312350145  49.00291956  4.227439567  105.5903255  17.56133961  126.0094229  147.140304  163.122403  48.17384971  182.7727358  79.09865184  47.62200666  19.7429671  181.5862128  4.538609212  100.060652  100.852425  168.1750369  75.77864931  318.0568846  124.3610066  15.74583497  288.7479366  137.8342223  49.8397038  7.46280602  160.8818992  27.6571501  47.98665702  0.4341385024  30.6857215  29.8536475  81.82248023  
309.5867584  50.3476317  4.929762267  55.70215573  7.43121614  68.72573398  16.3457378  68.92735544  60.2379491  174.2869727  20.09125697  290.4947136  34.13649721  56.11551824  6.480190917  100.9391135  0.3282668191  77.10507288  83.18735585  169.0161297  93.10712779  452.2431658  97.01734473  0.3542653911  157.827263  22.72200638  19.43568516  166.5242984  124.2765374  148.3706448  19.06153809  3.097184271  30.93820475  59.74304963  33.95554689  
327.398221  124.2067248  36.79084315  82.72252727  10.02784715  34.20766546  60.56945715  11.24104441  4.869894323  113.7318358  24.03369929  199.0665137  105.1348815  128.9326829  26.67019679  32.57991999  15.2305813  68.83306102  0.2932981362  127.5402746  114.1291721  140.9330127  138.4129738  38.04252085  67.63497942  138.899439  11.6223531  271.7322404  40.5682774  163.0073334  87.16348973  19.73740476  43.22517029  79.04501596  113.7237086  
177.2446341  160.2340208  83.85293672  112.6039698  8.341265689  34.48297123  117.8226615  15.81671802  66.52824015  42.95378506  42.61325136  52.25350212  260.5549731  152.7659911  78.12349849  1.79663862  97.50544461  51.97994219  52.94041464  92.51603752  54.33525717  20.26675065  124.8729698  137.5116822  12.35355522  453.1523556  0.6019110766  120.4494028  2.951660875  18.11290211  49.45786882  38.71127078  67.04200819  68.82361459  164.5156011  
75.75796238  139.1473381  99.35220154  129.2348765  16.42576776  78.85547834  118.5745021  79.73263317  137.8382613  18.4939721  48.85044964  1.66141802  240.4800177  86.35179426  121.12323  18.70355105  184.2795957  13.05436274  21.73388089  86.31051197  12.13623584  150.2451546  52.22052463  152.3165318  32.19566912  493.2690492  36.74551273  9.38787892  50.09610146  118.9497091  6.698069318  40.98231695  64.99795937  43.40829178  79.11905395  
70.51649009  178.5173444  104.4034203  131.8887848  24.50248247  130.611603  104.9192321  93.33081735  129.2134244  19.824434  31.73625264  50.98681133  67.23825722  20.45641154  136.608741  130.9888498  120.8060464  2.273683051  23.45644495  101.3262955  22.40139838  162.0740229  11.59076798  55.82391278  146.6703203  265.8294326  119.1097932  1.252107139  59.1529369  334.9400011  2.449134057  30.28545804  63.27245751  20.09529219  1.917796518  
46.69531729  239.7838374  139.4539366  144.3659865  21.54704869  125.0208794  102.9094345  54.15541454  86.51709178  8.579375043  11.60580847  65.78343979  54.7796427  14.83380237  135.1892638  327.4525885  22.7592451  32.06000848  119.6719206  115.6014584  13.53874419  70.79716834  48.87965179  12.95817047  181.3501967  88.85679933  115.9382745  1.415810525  95.88802439  254.7010852  9.639628056  18.61725475  43.25542529  23.9186163  50.16657634  
19.32357406  200.0281728  140.2385126  114.7804151  53.9395392  79.71939635  127.9190809  63.25882015  89.13287126  4.623883577  32.17162684  43.75973618  81.97864823  44.67674635  91.09754321  373.0215566  126.6118034  94.87478383  92.69840255  86.27719838  73.79700744  23.25941621  198.133162  34.80251086  119.6386821  39.75432661  25.87888199  8.745372203  149.5173869  80.05089931  8.40256812  10.37650343  9.159636988  94.04710614  156.5867445  
75.35858399  109.0682236  109.8202012  43.807358  95.96754468  32.4252196  169.6391488  84.12143106  122.7198137  25.8670201  154.1562781  49.35286888  11.12382212  69.75606733  31.37836163  157.5705782  286.722313  241.963321  18.14480068  23.2030152  145.2051891  17.95222528  256.2397117  46.45736503  32.03173176  24.9488682  28.59842432  14.0317145  63.13960313  67.38071058  25.62429115  13.53852333  81.46172826  220.6781004  122.266944  
158.3107001  68.89987397  110.3581382  9.667278485  78.33649952  0.07260676453  150.5712589  71.65547893  136.9285924  46.10107654  304.6951153  26.54963531  49.8909966  72.58022935  76.50543497  40.49428339  254.467621  371.1253353  1.25950288  1.442854925  63.15414328  2.667665669  104.2501147  21.62484742  34.19166681  7.396313193  119.3043736  5.303563512  52.8930495  88.62830764  84.63278132  44.21248645  152.934693  211.411587  15.98459325  
117.5523872  60.21722643  141.8184728  33.34462148  48.61415962  37.4613517  113.5382815  97.49712814  111.1433841  58.82026868  296.0649406  0.2787335325  134.7878105  90.38405043  133.5869079  145.3986495  118.1477003  264.3201899  0.259940703  31.84165322  31.81822699  11.86323267  2.473448796  20.21967544  132.5198271  4.70599133  100.0981117  0.1397181212  220.7233884  116.189855  96.79437583  90.95721797  73.08524924  121.0098291  16.8065878  
34.63604293  48.42689465  186.9480546  106.0647004  62.29743879  94.5819833  114.5486116  133.9037344  57.41424971  59.1625447  148.7257271  45.84661186  114.2259147  148.2885786  61.12061741  111.3382478  45.42323955  46.18244776  13.65996529  79.72297093  175.2495471  78.9164802  79.26032102  162.2405465  84.97435905  4.11515411  21.69400106  3.050905036  191.2067424  158.7363316  53.97575199  99.96706449  0.4355390266  254.3055377  28.52732539  
62.2013577  51.56680039  241.7176506  132.2819245  62.61534652  99.29141776  104.5081779  79.90526226  5.579660303  39.64208  76.65115783  97.0664582  145.5360665  171.0250308  0.2931281281  4.467279137  23.92461707  24.14827226  64.86856078  138.3540934  214.2953158  158.258701  133.7721587  222.52335  1.039844214  25.7008416  4.769486422  4.4723183  47.27988663  83.18828535  48.36071804  56.28547416  32.95506991  362.8977257  4.24327518  
85.81703301  83.8878529  257.1061401  105.6140685  44.50214645  83.93390238  54.15554828  18.05877637  22.41125181  18.81514675  137.2617193  71.42877616  266.5449619  107.2345676  17.68562311  59.90468507  22.10366656  155.2858183  162.2250906  136.6352315  91.50912533  147.5507014  90.57793577  59.96953631  44.49669058  83.93589963  2.585665216  5.878411421  126.4283605  36.17646345  102.1771369  8.258802294  89.81588434  173.5067009  26.22739036  
34.70474313  112.197821  203.2252763  122.1979018  55.47676416  75.12574514  14.96126216  47.29752461  130.5619153  9.65279294  184.780288  21.13763348  258.294757  41.30132758  22.0454701  77.35353331  42.58763663  206.6066029  212.886648  43.76420183  18.55827559  65.26007812  32.63853349  54.24186601  39.23046865  100.9515869  9.671565427  21.64063836  211.8500981  149.1440243  203.4493377  38.92234214  143.7226671  9.420489383  60.69153137  
94.66170362  109.0836769  135.0949194  90.94887156  79.00805652  60.40745285  6.480185929  68.14880444  258.2651975  11.59394496  132.2575306  5.862615875  110.4991218  34.27956669  56.9483941  31.00842842  42.536573  158.2852779  110.2207143  0.4423967901  22.98961556  14.7373974  4.549435097  341.2058339  70.2840443  59.42861207  84.46446228  51.56947833  102.1015749  155.3315321  291.182468  130.0727516  92.35648783  23.17879129  43.74464405  
184.7089071  99.11293693  104.3246078  40.6184021  88.66759368  49.80669598  4.981203413  54.34595685  315.4575044  15.00422507  83.38403669  7.347924145  27.76932592  43.60467304  99.93472289  24.56121925  29.34527728  125.2862153  15.02005755  16.23424903  30.88686736  4.790044594  0.9593092557  523.3490709  140.8620749  33.5525958  149.1482793  67.61123888  11.65047465  84.13959643  316.4707764  173.4543956  14.12092194  50.92112824  20.0319453  
