  1   1 0.07896030
  1   2 0.02270444
  2   1 -0.01508186
  2   2 0.01081669
  3   1 0.05106418
  3   2 0.03347938
  4   1 0.01900938
  4   2 0.02783186
  5   1 -0.01375450
  5   2 0.02578400
  6   1 0.03666926
  6   2 -0.00807444
  7   1 0.01023427
  7   2 0.00445054
  8   1 -0.01115285
  8   2 -0.01252285
  9   1 0.13526833
  9   2 -0.02909058
 10   1 -0.03628917
 10   2 0.01622261
 11   1 -0.03149040
 11   2 0.00722309
 12   1 -0.02507670
 12   2 -0.01085420
 13   1 -0.00040650
 13   2 0.04317235
 14   1 0.03952810
 14   2 -0.02727645
 15   1 0.04423668
 15   2 0.01178985
 16   1 0.00430136
 16   2 -0.00394350
 17   1 -0.04176729
 17   2 0.00902126
 18   1 -0.01422011
 18   2 -0.00582008
 19   1 0.00665849
 19   2 0.00390430
 20   1 0.01073458
 20   2 0.00625985
 21   1 0.02122138
 21   2 -0.01299819
 22   1 -0.02258851
 22   2 -0.01987708
 23   1 -0.04293094
 23   2 0.01025676
 24   1 -0.04153897
 24   2 -0.01789134
 25   1 -0.00921013
 25   2 0.03306486
 26   1 -0.00026085
 26   2 0.03964031
 27   1 0.01897575
 27   2 -0.02039067
 28   1 0.00534816
 28   2 0.02363348
 29   1 -0.01552375
 29   2 0.01651980
 30   1 0.01647778
 30   2 -0.02106619
 31   1 -0.01680866
 31   2 0.00301715
 32   1 0.01222950
 32   2 0.03009737
 33   1 0.00112539
 33   2 -0.00337978
 34   1 0.06507096
 34   2 0.00010229
 35   1 -0.02600190
 35   2 -0.00590128
